"ne0005" "ne0006" "ne0007" "ne0008" "ne0009" "ne0013" "ne0014" "ne0016" "ne0017" "ne0018" "ne0024" "ne0026" "ne0029" "ne0040" "ne0043" "ne0044" "ne0045" "ne0048" "ne0053" "ne0061" "ne0063" "ne0067" "ne0068" "ne0072" "ne0075" "ne0079" "ne0081" "ne0084" "ne0085" "ne0106" "ne0110" "ne0111" "ne0116" "ne0120" "ne0141" "ne0146" "ne0149" "ne0151" "ne0155" "ne0160" "ne0162" "ne0169" "ne0170" "ne0171" "ne0175" "ne0180" "ne0183" "ne0185" "ne0186" "ne0192" "ne0193" "ne0200" "ne0221" "ne0223" "ne0226" "ne0228" "ne0231" "ne0253" "ne0256" "ne0260" "ne0289" "ne0291" "ne0301" "ne0307" "ne0311" "ne0318" "ne0320" "ne0327" "ne0328" "ne0329"
"ne0005" 0 0.734148164551779 0.952326830143136 0.922347900800263 0.804038089066386 1.11096115827849 1.13744931445905 1.12395132628942 1.1348698607929 1.07641232017497 0.846311673497208 0.988061581571126 0.738442084406773 0.986063478007371 1.14068345405501 1.03184097994108 1.06895320258115 1.1172868228987 1.09982107085828 1.10587242857962 1.12408331238461 1.08827944340237 1.03044848578974 0.891873926292773 0.995574067217892 0.923637254320028 0.844286489390556 0.918825840352999 0.945579809643649 1.02894897578765 0.980441626393249 1.01575820607005 1.1581775482838 0.968851045418358 1.12763947695041 0.970160946234806 1.02211465355304 0.919443642689793 0.916908701451233 1.02705944078249 0.951191531422736 1.07590497388248 0.989990113598258 1.08828775731712 0.968725801505485 0.957648270220411 0.885581483668102 1.03970489214857 0.997197822749293 0.91577334616126 0.983632115816733 1.06412044128724 1.02442533915553 0.972203999327585 1.00070302463497 1.02286375052326 0.977408805854651 1.08890789987016 1.05039208782192 1.09095948141916 1.00260528980619 1.03426656394443 1.10910203730535 1.04701081742962 0.968833085325989 0.977401900211365 1.06040115877629 0.986787964898778 1.01570588945193 1.02429819064216
"ne0006" 0.734148164551779 0 0.988252853656142 0.988064089440429 0.766587887599452 1.13900940605984 1.14359904680895 1.13556457763212 1.09987188315605 1.06856179263119 0.750437662715207 1.07488510851008 0.722816280913145 1.05420952891708 1.11894818673309 1.05231051978532 1.0959999259674 1.11662032950422 1.11390502470411 1.05711908823223 1.02101714797176 0.992569511214133 0.985812981382917 0.938232418818562 0.964114844699844 0.89579594202895 0.887631009043692 0.973512367615354 0.946610262369079 1.03914856799497 1.00685459160982 1.02153868505007 1.0617450155741 1.03050149740076 1.11932638436942 0.907848068500194 0.980479377301714 0.978420956083278 0.944266288077092 1.02315493777415 0.998678933430242 1.08256389371331 1.00427491215759 1.05606819515939 0.930897873177804 0.976573209524555 0.886966352883356 1.01682319983378 0.967639808791369 0.897611554977964 0.945232228287943 1.10950235788289 0.959369700684585 1.00679015368803 1.03600155686236 1.01869403847273 0.953452223774713 1.1073521869146 0.958191232561867 1.07209037859684 0.983520502795104 1.05858952429531 1.05530882594072 1.03084534357166 0.984406107383546 0.997699441016585 1.06154614385605 0.983562311592503 1.02444143758373 1.04522134573163
"ne0007" 0.952326830143136 0.988252853656142 0 0.934580481913406 0.985478834420745 1.0794430367306 1.06986179723199 1.05621200780879 1.11037833634465 1.07636500103926 1.03556827491754 0.998292000931893 0.979449247545518 0.970490964094059 1.06615133821494 1.00899687060017 1.04737819632894 1.09166801512684 1.02970575629443 1.07070990055302 1.087870657079 1.07879740202962 0.998396410911358 0.990486545965147 1.04324133063599 1.01676740948377 0.972869051949391 0.9434826101859 0.967926569671525 1.00372316626169 0.985608614503725 0.977421855029198 1.08462194836889 0.957178002439147 1.05734460845314 1.03527715228912 0.99023442334823 0.979334303947058 1.00891252909938 1.01102604778005 1.03212250543191 1.0113699022775 0.981488258619276 1.05130772980601 0.976117384162647 1.01855586069111 0.967521859813264 1.020689870902 1.04006803685838 0.93258664119037 0.969314130323397 1.0156458166621 1.01816157800442 0.965894594855173 0.910243515888965 1.02848995625808 1.08406615336184 1.00724607326881 0.969562134347434 1.05829685810624 0.96133332863353 1.04879963950771 1.00028789091129 1.03100354156403 1.0355813806482 0.985641735615697 1.03226918567785 0.956349846308604 0.963225291079999 1.03493809716931
"ne0008" 0.922347900800263 0.988064089440429 0.934580481913406 0 1.01799078791036 1.01217738487113 1.05859027113162 1.02296460669678 1.0587023018646 1.03134135154818 1.03428822233519 0.768746383485997 0.974346947051676 0.982565029896696 1.07307825900064 1.03990698238106 1.05173363079675 1.07388717307668 1.05068684244301 1.08578515963517 1.058029884297 1.02388793366295 1.02237287507922 0.98984590008388 1.0506006831102 1.00840254954305 1.00180421151299 0.986195195428607 0.991094271472586 1.0364215719721 1.02493775879301 1.05388588782219 1.04849091664095 0.914790650523692 1.00114183503613 1.01783262610914 1.0611794143174 1.05408353198252 0.928708413707928 1.08254845972757 1.00447654200385 0.9962882215953 1.00555803705992 1.01515006829035 0.99665687477118 1.06576166076321 1.00895336227906 0.980699964098186 1.04172619539306 0.96194275383019 1.04510190263728 1.01605570100692 1.0119296026453 0.98457564931723 1.02607354380763 1.01874459626389 0.959880454728326 0.99416347821847 1.0616325194252 1.0284720823914 1.05071379587677 1.06516962843008 1.03943789887136 0.957034726152316 0.935872467615384 1.04035441868062 1.04383238276283 0.932117882286519 0.951696642704589 0.992388644823348
"ne0009" 0.804038089066386 0.766587887599452 0.985478834420745 1.01799078791036 0 1.13509386554831 1.14902957392309 1.15599996190281 1.13257966066198 1.10152712416273 0.688816529508019 1.03610323788081 0.68487565490063 1.06178941763033 1.08205019450447 1.08570823092091 1.11189404157021 1.11008504399518 1.11802124059896 1.09373146976927 0.968604999877994 0.941899462265258 0.942439042911502 1.01052760678009 0.945056896474619 0.951663960692008 0.927650062167291 0.989266747043254 0.994971243359059 1.0629066595218 0.990845754168724 0.994386757740645 1.06208125601888 1.07474185945048 1.0882976174638 0.95880098667361 0.957040205778125 0.958133146205455 0.926732292494822 1.04366165726931 0.928225929387219 1.08462625350405 1.02524484412221 1.00349226682692 0.957841310000012 1.01235741725165 0.919077760874819 1.03442704864629 1.01554396029093 0.905708408021096 0.922345202543986 1.10329729697261 0.972774775064701 0.993643007314695 1.05248340299295 0.993371765399597 0.928743113745256 1.05064973060586 1.00192875951615 1.03076181039207 0.969096810883148 1.02921425341562 1.0423430957972 1.00402236238169 0.96925824884867 1.01748723802437 1.07353616976007 0.99564382501311 0.995914200152859 1.01634210421525
"ne0013" 1.11096115827849 1.13900940605984 1.0794430367306 1.01217738487113 1.13509386554831 0 0.735461911734138 0.653929853481097 0.730579639072388 0.752287057551539 1.11984341273281 0.990128800395519 1.11254416965868 1.02255625309401 0.964331484190301 0.932152353750006 0.933337216015346 0.883745353615744 0.904873283815548 0.909122758037019 1.0181369320349 1.05202567321794 1.11545658040638 0.988731345755883 1.04520482676529 1.05300325392263 1.14738799997398 1.06980873751603 1.06545790119696 0.978901433636499 1.0693923157403 1.097273055442 0.92835949042496 1.00625249286331 0.970903710180823 1.091499235239 1.15585217595117 1.1199314031702 1.08750047039303 1.06638593874806 1.11432738865006 1.00815990707205 1.03200741848399 1.01139841489796 1.08639942090117 1.07428557630194 1.14535914025098 1.02602240480927 1.05573037649314 1.10379241038184 1.12027154685081 0.932941865355463 0.98981649538518 1.05659210956435 1.04359767498264 1.05806819538778 1.10246251221326 1.02250252149973 1.05409077516737 1.05583417104515 1.09783524465627 1.02526434379731 1.03543711725916 1.00376589020496 1.01684767976128 1.03638253426349 0.958450156228969 1.14164191466053 1.14210461413598 1.04797645465971
"ne0014" 1.13744931445905 1.14359904680895 1.06986179723199 1.05859027113162 1.14902957392309 0.735461911734138 0 0.701609783416104 0.756407465229231 0.749119872950823 1.15001250874976 1.0456241090716 1.15521943552873 1.01966569381627 0.928761366543592 0.970870046738136 0.967832602317393 0.901982746263991 0.923806214138442 0.941232151327599 1.03656314927698 1.09735390970006 1.15354677861777 1.07469887170672 1.03594345030543 1.0710046410003 1.11946484535244 1.03927357214458 1.03378512545525 0.94468192403278 1.09406678355699 1.09400826507505 0.947141500253659 0.941329963184041 0.985545777561439 1.066122950244 1.07093534605975 1.09082547967648 1.10060432307727 0.952759765705119 1.13630313112855 1.02490431228576 1.04191244960395 1.04169775707526 1.09404624460306 0.999989067178503 1.12346219727207 0.986295604354077 1.04628669934377 1.15571469600721 1.14087073818501 0.904620592658086 1.01298815978986 1.03737062370353 0.991632481685262 1.08407383340248 1.1140538206664 0.985871027391571 1.03783211974861 0.994988659585384 1.08585776847816 1.00839232692958 1.00562621350692 0.994035381931216 1.02852358981387 1.0205869062908 0.973285824907739 1.10375031140581 1.11512539173568 1.00469956504507
"ne0016" 1.12395132628942 1.13556457763212 1.05621200780879 1.02296460669678 1.15599996190281 0.653929853481097 0.701609783416104 0 0.782246420975381 0.714545713923248 1.14322641136588 1.00623490431786 1.14165027039132 1.01533302358298 0.967396482455616 0.971990048362978 0.933801993622252 0.916001537949618 0.938607981261078 0.896803876409823 1.05563012763446 1.08798615670232 1.14265819073953 1.02840782090604 1.0637539630366 1.09398193201941 1.11859861623451 1.07197252950586 1.0633670832756 0.959563693057944 1.0964672790663 1.11661352740022 0.978226791536285 0.956290003706076 0.959067797579013 1.09968833183264 1.11995255298256 1.09639720215349 1.10764853715138 1.06201815843864 1.10779260994742 1.03390608739815 1.03055064753754 1.06097909898089 1.0715850683102 1.03234534574166 1.11147468348844 1.01723862672565 1.01027809524085 1.11672647350532 1.11951688360182 0.930765613801602 1.012027948091 1.07510693021332 1.04792177935166 1.08211112664623 1.08974992131373 1.00721530786119 1.03422750995705 1.02037503286027 1.09970417754391 1.02698812566152 1.01270746689853 1.01148293221034 1.0251159255147 1.05882847642459 0.968829134114506 1.04886304450904 1.05379445628218 1.01708088041341
"ne0017" 1.1348698607929 1.09987188315605 1.11037833634465 1.0587023018646 1.13257966066198 0.730579639072388 0.756407465229231 0.782246420975381 0 0.851101154461188 1.08387885468441 1.04665424160524 1.17349388050574 1.07199726272166 0.909855674827172 0.965831688439898 0.959994721750458 0.896362003590958 0.898607672246895 0.907097862652408 1.00784692676342 1.05765618253678 1.10932785768023 0.997779526368509 0.984737028110552 1.05511019480794 1.13696682714336 1.06294565555928 1.06339206259176 0.957927492847255 1.11833884622882 1.10966468547747 0.917933031690032 1.02982758702272 0.937165210647414 1.04105674142541 1.07260463880367 1.13275710661556 1.12624321260728 1.02785558000613 1.12675980903243 1.0229766289074 1.04735306297882 1.03956210714375 1.07861815569085 1.02170182553595 1.13875094987227 0.964371062105553 0.981503234992065 1.11741981043127 1.09168209396027 0.921561487360973 0.949844626173914 1.09439874769388 1.02442450959914 1.09711925624139 1.13129104082471 1.02480110682523 0.993748276095712 1.00463782396587 1.08311288990542 0.985598025371752 1.00795862764892 1.00557244853515 1.07681866519795 1.03159630561577 0.916354342838026 1.14892836138833 1.1484740688359 1.07627447362083
"ne0018" 1.07641232017497 1.06856179263119 1.07636500103926 1.03134135154818 1.10152712416273 0.752287057551539 0.749119872950823 0.714545713923248 0.851101154461188 0 1.10087613156797 1.00782147557908 1.08371944770609 0.999865676262938 0.98164661274096 0.96296192652947 0.984159443581816 0.966272280351479 0.975607821607935 0.961299656106296 1.0633059415607 1.08004078116218 1.13325272375868 0.997327102015421 1.06070837978438 1.06823050127826 1.0522113528118 1.03542905250245 1.01678578362063 0.962814188605557 1.06747921183127 1.095574894311 0.995528705277759 0.980530555615106 0.985336875494548 1.06299110935531 1.08774477245474 1.08155618393931 1.07005850334868 1.0437097180327 1.09574618804405 1.04214137619026 1.03013837698541 1.0649086519995 1.02132898405762 1.03028896217135 1.10032107872788 1.03071983578182 1.0130148327681 1.07725775792991 1.07317491939829 0.976160767894396 1.00408815896602 1.08078815216919 1.03118689692492 1.07863129402758 1.05622949770432 1.04194467805698 1.03025366950818 1.03181252969117 1.05381311749749 1.02665283805503 1.0173530948382 1.03762320460379 0.997742141216178 1.02217178063579 0.999569361506888 1.03388563072696 1.07583899063565 1.03974835657288
"ne0024" 0.846311673497208 0.750437662715207 1.03556827491754 1.03428822233519 0.688816529508019 1.11984341273281 1.15001250874976 1.14322641136588 1.08387885468441 1.10087613156797 0 1.03761461463503 0.697578629317257 1.07774391179158 1.06571152960271 1.10695509909805 1.10117634319759 1.09779550287595 1.08758475274359 1.06477515174402 0.931733632844949 0.887339577376666 0.919513809106581 1.03710039420365 0.935492316087928 0.93143910675812 0.970295461159943 1.02555208455889 1.03135359698804 1.06688213114043 0.987397600791609 1.01110595425231 1.02256135196133 1.07219620322148 1.05149148823149 0.927563622548622 0.989549711650046 0.990396585191863 0.978467744087938 1.0712542654021 0.947807027154868 1.059290930647 1.00986653564297 0.971529221166712 0.98695858958179 0.989438126110602 0.934266562847334 1.00960278057281 0.993300118530685 0.955746729200408 0.980553623648858 1.10001998138965 0.969318571727574 1.02784770636937 1.12742741246266 0.971925715349016 0.902947419477987 1.05013841061334 1.01546579113961 1.00949333386781 0.99055925666893 1.01589945936279 1.00598616253954 0.981532495680001 0.992414197367139 1.07165828080783 1.04296455985268 1.02708924829878 1.01489226344132 0.955165456618918
"ne0026" 0.988061581571126 1.07488510851008 0.998292000931893 0.768746383485997 1.03610323788081 0.990128800395519 1.0456241090716 1.00623490431786 1.04665424160524 1.00782147557908 1.03761461463503 0 1.03590675391713 0.952971790122016 1.04954779513764 1.05419471827468 0.995558153139446 1.04513731702908 1.02443452760046 1.04257619060941 1.05052780535318 1.04492633604346 1.04744952641155 1.01660387973022 1.06402970199101 1.06393488384012 1.01256728233466 1.02161462980054 1.03665605233405 1.04962088622818 1.02010428559205 1.03789445176509 1.05716402408916 0.943041563763388 0.985694950149302 1.06111913032529 1.04695837981761 1.028097930057 0.936358602925589 1.07675379535331 0.957792984074926 1.00371881997612 1.00447000969333 0.985055688253916 0.999647656840837 1.01746305880261 1.00929447332289 0.999698030757973 1.02852253844711 1.00999167260559 1.06307606935352 1.01630157410964 1.04893120065762 0.984457934281609 1.0279885746463 0.998986780544402 0.976662911875896 0.958635309077296 1.03162294873913 1.02781007526118 1.02924228028261 0.997823066100286 1.05263332326891 1.00133589408417 0.984835377785921 1.02047227419342 1.06436186454728 0.965170965701106 0.954773838494559 1.02126099644324
"ne0029" 0.738442084406773 0.722816280913145 0.979449247545518 0.974346947051676 0.68487565490063 1.11254416965868 1.15521943552873 1.14165027039132 1.17349388050574 1.08371944770609 0.697578629317257 1.03590675391713 0 1.00690541548134 1.15588893000007 1.08157425456958 1.14385871497253 1.16848244585321 1.15009116983644 1.1367877133278 1.01896448774684 0.987680310220044 0.949919095491824 0.990441678876825 0.988944498785741 0.901546454672015 0.869243180910754 0.98732061012991 0.949403242482394 1.08253681967202 0.966261765810673 0.977883934824008 1.11007770021843 1.0217119293148 1.12677724291532 0.921838784653478 1.0193322846295 0.894535997324986 0.915991363751764 1.05818032709742 0.940479030171926 1.05295813111486 0.963313206029208 1.03106406977915 0.980831139240144 0.996145174860191 0.813855092598201 1.05317041561836 1.02448142340189 0.905385179958657 0.9640587480857 1.12723764058747 1.01986723088745 1.0100789233058 1.05230180005115 1.00643601109109 0.887367846794128 1.04932726574285 1.03575501290734 1.06517290479825 0.937757312963998 1.05471746984881 1.06561597844945 1.00665321051653 0.949562941494119 1.026012410829 1.07214132020196 0.972780032254483 0.997611556372446 0.927976080124922
"ne0040" 0.986063478007371 1.05420952891708 0.970490964094059 0.982565029896696 1.06178941763033 1.02255625309401 1.01966569381627 1.01533302358298 1.07199726272166 0.999865676262938 1.07774391179158 0.952971790122016 1.00690541548134 0 1.00241157364045 0.953323596167514 0.947842105046628 0.987304443428785 0.984340019467349 1.04853718826263 1.09278687599727 1.12048294273362 1.0594005173229 1.01886807812337 1.08776701805615 1.06122488019169 0.979970108780771 0.954533931047695 0.963834699515316 1.02488558527353 1.02894706087922 1.01274509875269 1.03922435521417 0.899414425098285 1.01507658124399 1.07242524533466 1.00431776747577 0.968283910828837 0.993339909481124 0.979611131219801 0.996340293915587 1.03899580903295 0.990129556834934 1.08676896278804 1.00545439550706 1.03067751921871 1.00935326677101 1.02821983839596 1.01969914792066 0.981658567190166 1.05225635421664 0.985818040354898 1.0634438006792 1.00100705232222 0.959053880693995 1.08062311996462 1.06408113939431 0.976862511022963 1.0462618739858 1.05788483556152 1.02699793736114 1.00198200440665 1.1267721531953 0.996655741495356 1.02306794907624 0.975318069783486 1.04564211063024 0.946623929817517 0.975279111654949 1.01563569049465
"ne0043" 1.14068345405501 1.11894818673309 1.06615133821494 1.07307825900064 1.08205019450447 0.964331484190301 0.928761366543592 0.967396482455616 0.909855674827172 0.98164661274096 1.06571152960271 1.04954779513764 1.15588893000007 1.00241157364045 0 0.801689543787743 0.811626820411729 0.726980042395012 0.785965616379287 0.821050212953755 0.969631123093373 1.01718744085801 1.07428863849385 1.03666592836391 1.02266540177106 1.07979850064501 1.13627223787627 1.06326198802399 1.07614490875116 0.954635854402449 1.08633731303038 1.1030803927082 0.967084035750337 1.0873922416714 0.941261983725529 1.04746717408933 1.09795467542925 1.09694674017588 1.10349308859318 1.0565692026759 1.08510383858858 1.0396069970145 1.06645982062792 1.02675807341318 1.05886713036885 1.02194265449803 1.12111680695923 0.979073675186081 1.01534962925316 1.10851848444025 1.0537148047416 0.942558810023543 1.03835409856033 1.05495553809388 1.03432045993854 1.00255057861097 1.09695640102556 1.00348560887899 1.00183523518845 0.988385634543683 1.06394200227043 1.00025755607734 0.991744695756443 1.05554908007266 1.0456850244476 1.06662584936874 0.957515603934954 1.11887228670356 1.10903274381478 1.04716176723192
"ne0044" 1.03184097994108 1.05231051978532 1.00899687060017 1.03990698238106 1.08570823092091 0.932152353750006 0.970870046738136 0.971990048362978 0.965831688439898 0.96296192652947 1.10695509909805 1.05419471827468 1.08157425456958 0.953323596167514 0.801689543787743 0 0.804988192620641 0.758606215130828 0.770207451173813 0.869020098220114 1.04338904968437 1.07732859747253 1.08231792078847 0.946396653440688 1.08029121188997 1.07546275219064 1.04909194273999 0.949314369922426 0.999316067037713 1.00392014289887 1.02858347587857 1.05843157379467 1.00412132036706 1.00117610501553 1.00014277538174 1.07248873262992 1.1100682383496 1.08741597163043 1.08315738856209 0.9920271790829 1.10332376058366 1.03218721866129 1.01458124275198 1.0665608824409 1.05776916684696 1.03400984441601 1.11816553940755 1.04845175049732 1.04643185246411 1.05142624446486 1.02769649111629 0.953240467747564 1.06462563999481 1.08144703764451 0.96220173859863 1.06038362114008 1.17177213176941 1.06425127144597 1.03273829597234 1.07010638453478 1.0506356245751 0.987980733645641 1.04447923109177 1.07400902838834 1.0918264958264 0.983638947791308 0.945577154030171 1.14588011648759 1.15545418465266 1.07183455619443
"ne0045" 1.06895320258115 1.0959999259674 1.04737819632894 1.05173363079675 1.11189404157021 0.933337216015346 0.967832602317393 0.933801993622252 0.959994721750458 0.984159443581816 1.10117634319759 0.995558153139446 1.14385871497253 0.947842105046628 0.811626820411729 0.804988192620641 0 0.681286946932805 0.720192516096336 0.84334765404685 1.05688340029834 1.0718483745917 1.08338461594943 0.991408956236238 1.05789279674385 1.09620299996713 1.09786341597788 1.02757775518098 1.06393594689492 1.0079331861448 1.0449698460292 1.06936758001607 1.02194953044017 1.04421894242354 0.983143706900534 1.09745506310672 1.11900730878331 1.05217511313994 1.07021689971524 1.03956733088878 1.07936083020523 1.03193081703069 1.04222914606963 1.05836337554195 1.05271251818309 1.04504820073762 1.10296369369342 1.03158905849313 1.05643770795498 1.069355695488 1.07950165113814 0.949837576903931 1.07175366642029 1.02811956297905 1.01011124458008 0.999891680809622 1.08935914646915 0.989657299807973 1.05909518957769 1.04050174729577 1.0866004482396 0.9822670964156 1.05051235511328 1.05720743813248 1.02995241365373 1.01591064050571 1.01060733103192 1.0812232018612 1.08977510812067 1.09346707522247
"ne0048" 1.1172868228987 1.11662032950422 1.09166801512684 1.07388717307668 1.11008504399518 0.883745353615744 0.901982746263991 0.916001537949618 0.896362003590958 0.966272280351479 1.09779550287595 1.04513731702908 1.16848244585321 0.987304443428785 0.726980042395012 0.758606215130828 0.681286946932805 0 0.563514963814248 0.700056303192428 1.02566445584377 1.08113582728524 1.10817749448678 0.990994161620258 1.03769870395796 1.07733635734347 1.13877019279676 1.02762372584254 1.08192138480196 0.968261490250521 1.07622197615376 1.11901361099512 0.969284297599816 1.07944589763334 0.950177726989176 1.062970806118 1.12882396733973 1.07333845537329 1.07881535675611 1.06187208605546 1.08829043562115 1.03017169919667 1.05695500086258 1.03213478840645 1.07879735126149 1.06005700473386 1.13462462859147 1.00840061136054 1.01389870467412 1.10260751867367 1.11005700045347 0.919957069640875 1.01400411035344 1.04310378161091 1.04346856473587 1.02577862724241 1.09676947587443 1.01416038744142 1.0717693899001 1.0340617374035 1.13585777450558 1.02211451959754 1.02004759164087 1.02592918361344 1.05664500279732 1.05553533949186 0.961178957669816 1.14913275893395 1.14551816051653 1.10610768939059
"ne0053" 1.09982107085828 1.11390502470411 1.02970575629443 1.05068684244301 1.11802124059896 0.904873283815548 0.923806214138442 0.938607981261078 0.898607672246895 0.975607821607935 1.08758475274359 1.02443452760046 1.15009116983644 0.984340019467349 0.785965616379287 0.770207451173813 0.720192516096336 0.563514963814248 0 0.736632944038466 1.0682698194517 1.09295910846837 1.11953212006568 1.00762157542144 1.02609397187392 1.08946167889225 1.11067340234086 1.06152391343129 1.07423089555886 0.984082387024185 1.09186210552197 1.10362043152163 1.00211320262432 1.0494378205793 0.956770162158882 1.07135850375952 1.10865971309371 1.06117328296691 1.08416125300727 1.06792237250618 1.1101493210864 1.00199183648698 1.04992787688309 1.0185308338898 1.08199718353061 1.04288691145296 1.09539417093108 1.00891317732117 1.02382123426459 1.09640010635305 1.10132913460909 0.933990923153727 1.04656208447871 1.04549531086975 1.03165822781347 1.02553930131463 1.11577109593966 0.988370828741137 1.04527751276414 1.04302706468777 1.10929683250929 0.996809798937538 1.019808585592 1.02063093419205 1.06632178164838 1.04033644631828 0.981110546980869 1.13991544815617 1.11720180448505 1.10242198060466
"ne0061" 1.10587242857962 1.05711908823223 1.07070990055302 1.08578515963517 1.09373146976927 0.909122758037019 0.941232151327599 0.896803876409823 0.907097862652408 0.961299656106296 1.06477515174402 1.04257619060941 1.1367877133278 1.04853718826263 0.821050212953755 0.869020098220114 0.84334765404685 0.700056303192428 0.736632944038466 0 1.04320975622726 1.03743896689659 1.09886286508743 0.995218254871132 0.994829190598069 1.04937930407645 1.10368664462015 1.06892946720618 1.07295521885737 0.96743356835352 1.11374412641173 1.10914223429198 1.0156050699051 1.10568497765062 0.989027493133433 1.03000999489539 1.05302965878878 1.07271887182325 1.08177824836433 1.05699456780165 1.10186199718895 0.994778500383628 1.0637134346945 0.984770912096071 1.03736208991022 0.969597488660347 1.07976087586057 1.03416601654836 0.953893714380032 1.09134194288615 1.04340388895925 0.974135848361382 0.995280329466942 1.00190886895164 1.02975184919992 0.970455548041864 1.1069090064215 1.03803870548553 1.00097944307372 1.03271886986763 1.07300569774875 1.02186559963446 0.961993796710512 1.05514163411379 1.0971899108345 1.04517519293636 0.929120688990294 1.13392172739285 1.12122376588274 1.08481848489069
"ne0063" 1.12408331238461 1.02101714797176 1.087870657079 1.058029884297 0.968604999877994 1.0181369320349 1.03656314927698 1.05563012763446 1.00784692676342 1.0633059415607 0.931733632844949 1.05052780535318 1.01896448774684 1.09278687599727 0.969631123093373 1.04338904968437 1.05688340029834 1.02566445584377 1.0682698194517 1.04320975622726 0 0.655792344283006 0.767831357886346 1.07915183210479 0.906911055895092 0.985277948468432 1.11757538968809 1.09651696028784 1.10012446500676 1.04503600072087 0.917182362819089 0.901330008680142 0.67717170799985 1.16281043880839 0.915041226672805 0.970125572125882 1.01169894647099 1.10998777101985 1.03761723689117 1.07220568457715 0.974312023812977 0.980605687273519 1.07630740461776 0.912133993343605 1.06879767687007 1.10394545380208 1.11659795537332 0.97952251313303 1.01619393455916 1.07205973800626 1.01500653928872 1.03988870681043 0.978253582697443 1.05830399902688 1.18618930336143 0.946306119990467 0.925090192077299 1.01102858027125 1.01981899239065 0.927247482177417 1.02792328925611 1.04560662881329 0.933673490917789 0.981157339311533 0.96415919675123 1.12941196168261 0.976439025103656 1.08707882953268 1.03784976326494 0.981291343305315
"ne0067" 1.08827944340237 0.992569511214133 1.07879740202962 1.02388793366295 0.941899462265258 1.05202567321794 1.09735390970006 1.08798615670232 1.05765618253678 1.08004078116218 0.887339577376666 1.04492633604346 0.987680310220044 1.12048294273362 1.01718744085801 1.07732859747253 1.0718483745917 1.08113582728524 1.09295910846837 1.03743896689659 0.655792344283006 0 0.740768260766883 1.10494623198467 0.957172171979402 1.00355397749934 1.09480504964829 1.07997915060407 1.10810763605702 1.07223881964481 0.898542529891889 0.865394766165664 0.739995982388671 1.14684487337315 0.939898484379642 0.982287216102133 0.989038627552744 1.07114194687831 1.00193550270065 1.06721393261543 0.951965602104112 0.991919766369946 1.06594855761768 0.876069763411619 1.07035252920479 1.09432345074028 1.06733517351532 1.00126314802496 1.01721228769666 0.999797451696915 0.952162965523411 1.05195026544533 1.00190415644349 1.01748789678109 1.15522725806121 0.954317030184539 0.878768227298368 1.03985798416476 1.02650961791337 0.972836328620964 0.960592842920545 1.03758992076679 0.94683355108563 0.989217204189394 0.990312948220175 1.1127442303584 1.01261102701191 1.02196180656386 1.00377116601035 0.960833956303491
"ne0068" 1.03044848578974 0.985812981382917 0.998396410911358 1.02237287507922 0.942439042911502 1.11545658040638 1.15354677861777 1.14265819073953 1.10932785768023 1.13325272375868 0.919513809106581 1.04744952641155 0.949919095491824 1.0594005173229 1.07428863849385 1.08231792078847 1.08338461594943 1.10817749448678 1.11953212006568 1.09886286508743 0.767831357886346 0.740768260766883 0 1.01350814793485 1.01509624715922 1.02021977707984 1.02695257977417 1.0602140610536 1.05950772091764 1.09105788220981 0.741432380205894 0.668074994943844 0.829989199764886 1.07757086592475 1.00267643257751 1.04237076862758 0.996413556539874 1.00478623014077 1.03214785168356 1.10928532676549 0.945541999912202 0.969767134306931 0.993191916434544 0.975090260936077 1.06336525815353 1.01700849005526 0.996223255084631 1.06043678848759 1.03256523260812 0.966904086927137 0.924159939583405 1.07287973492715 1.04406560963963 0.982561592667022 1.11406953436649 0.990129147277521 0.957512597123799 0.999882423245275 0.975048578556478 1.00218605697783 0.977204226586627 0.991366587092541 1.00317578276785 1.0416306339832 1.05521704788631 1.10429981389287 1.04023815984124 0.958491405682237 0.926566827781523 0.994066404117212
"ne0072" 0.891873926292773 0.938232418818562 0.990486545965147 0.98984590008388 1.01052760678009 0.988731345755883 1.07469887170672 1.02840782090604 0.997779526368509 0.997327102015421 1.03710039420365 1.01660387973022 0.990441678876825 1.01886807812337 1.03666592836391 0.946396653440688 0.991408956236238 0.990994161620258 1.00762157542144 0.995218254871132 1.07915183210479 1.10494623198467 1.01350814793485 0 1.05068482975855 1.00286999800239 0.988776498316465 1.01568678658561 0.971869479345323 1.01597449166935 0.992277032447356 1.05338047067343 1.09846835456805 0.962563784909304 1.07185557985714 0.952200058481494 1.10457649219177 1.02841134741836 0.995932372726445 1.02360331351395 1.01768748485034 1.01539294050961 0.99279786407536 1.04024669953408 0.973086866993943 1.03087137940097 0.97180515733924 1.06602084102545 0.984373132500521 0.918636796709347 0.99144865688494 1.0399948087808 0.965539436820118 1.0195241020023 1.03092561582658 1.01455473878025 1.02373207659992 1.09351979474965 1.05954024713575 1.11715061193061 1.04148547559803 1.04305808920741 1.03070486508081 1.05342579742675 0.974489240240578 0.95202746991381 0.955345736861348 1.07631595482215 1.11309275179637 1.08597636603367
"ne0075" 0.995574067217892 0.964114844699844 1.04324133063599 1.0506006831102 0.945056896474619 1.04520482676529 1.03594345030543 1.0637539630366 0.984737028110552 1.06070837978438 0.935492316087928 1.06402970199101 0.988944498785741 1.08776701805615 1.02266540177106 1.08029121188997 1.05789279674385 1.03769870395796 1.02609397187392 0.994829190598069 0.906911055895092 0.957172171979402 1.01509624715922 1.05068482975855 0 0.861813327042018 0.912010409555554 0.952427591843029 1.0000248964947 0.983260481020181 1.07586889819332 1.04054572841342 0.953999653678743 1.09042991068701 0.962388175639284 0.895290412934693 0.984390344136546 1.03314517477332 1.00410302869713 1.01538137196301 0.996013759032884 1.05546281951605 1.03946331781121 1.01926301697043 1.013017295832 1.0080540435775 1.00613241245336 0.940838202779637 0.96929638990122 1.0591651578151 1.01859587443052 1.06909299616791 0.909371199267383 1.03094946621048 1.10449807501817 1.00948191955917 0.975870597504483 1.01233718006973 1.03075218296887 0.962401489133087 1.00015608775805 1.05358537657056 0.988751513433547 0.962887928525702 0.953815033574062 1.09164252259262 0.986566677813918 1.08937339580141 1.04784259162071 0.995775585135576
"ne0079" 0.923637254320028 0.89579594202895 1.01676740948377 1.00840254954305 0.951663960692008 1.05300325392263 1.0710046410003 1.09398193201941 1.05511019480794 1.06823050127826 0.93143910675812 1.06393488384012 0.901546454672015 1.06122488019169 1.07979850064501 1.07546275219064 1.09620299996713 1.07733635734347 1.08946167889225 1.04937930407645 0.985277948468432 1.00355397749934 1.02021977707984 1.00286999800239 0.861813327042018 0 0.849378128712893 0.906144513966213 0.889621037632647 1.00839725129685 1.01174625422416 1.00893663135362 1.0314044118453 1.06171391503235 1.05835369950394 0.915033487218475 0.991454344850166 1.00417586682488 0.917925122389005 0.934272932309979 1.00320907009701 1.01735486266054 0.994262678639074 0.991972950807728 1.02845994291653 1.04567370045381 0.948298494775418 0.950685936538118 1.00719474103852 0.964039276450156 1.01389563418039 1.08625966584237 0.968191577513824 0.981324712518672 1.05999056369045 0.998516593366166 0.949632945627822 1.09647449304507 1.09128477658401 1.02609666866736 1.00072968698838 1.05226445691055 1.02495423698964 0.977467195291856 0.946385143572896 0.978647363092128 1.0476240621196 1.0722674479728 1.07816715826749 1.04505088014437
"ne0081" 0.844286489390556 0.887631009043692 0.972869051949391 1.00180421151299 0.927650062167291 1.14738799997398 1.11946484535244 1.11859861623451 1.13696682714336 1.0522113528118 0.970295461159943 1.01256728233466 0.869243180910754 0.979970108780771 1.13627223787627 1.04909194273999 1.09786341597788 1.13877019279676 1.11067340234086 1.10368664462015 1.11757538968809 1.09480504964829 1.02695257977417 0.988776498316465 0.912010409555554 0.849378128712893 0 0.840603386844141 0.820245168316085 1.04009933747184 1.01600089509491 0.990934197310281 1.15204980232634 0.973749163945693 1.08523494626371 0.966692794882207 0.907376286508844 0.897741828021341 0.921790543363226 0.962405426605443 0.96659634053749 1.05138320612654 0.959118355807737 1.0616152550323 0.957191865076452 0.938608343355687 0.894829685216945 1.04533715644597 1.02689138613714 0.927000921171391 0.918441874004561 1.09178237631737 1.02743402567746 0.985746679653136 0.955282498371228 1.03780832011244 0.992327129124313 1.08289073130384 1.04476051445534 1.09861961618433 0.958107100840412 1.02718837781279 1.06683372956229 1.02348584059921 1.02343084103196 0.950132864779546 1.09944298800742 0.952105903720856 0.977997633387604 1.008097727946
"ne0084" 0.918825840352999 0.973512367615354 0.9434826101859 0.986195195428607 0.989266747043254 1.06980873751603 1.03927357214458 1.07197252950586 1.06294565555928 1.03542905250245 1.02555208455889 1.02161462980054 0.98732061012991 0.954533931047695 1.06326198802399 0.949314369922426 1.02757775518098 1.02762372584254 1.06152391343129 1.06892946720618 1.09651696028784 1.07997915060407 1.0602140610536 1.01568678658561 0.952427591843029 0.906144513966213 0.840603386844141 0 0.751866181281707 0.99246327582302 0.987412446049399 0.97964119921379 1.05966246312343 0.982602609401923 1.0493797191293 1.04784406593413 0.954591718656883 0.972677844224301 0.972676746805186 0.926408364419499 1.0362589472181 1.03205264634256 0.986552555897453 1.0573617624833 1.0225898240966 0.962968269326823 1.00485799531631 1.0217989588164 1.05323436949387 0.975426642828758 1.0261813079041 1.00627312278947 1.02342782218516 0.953849256114204 0.942966007288538 1.04955330055801 1.09302121679966 1.02337331455381 1.00651382822426 1.07644971012469 1.04415599992775 1.01640918745255 1.0656333185958 1.02308672323207 1.06549906724932 0.938467389897561 1.05871346363488 1.0438672212064 1.03572902056194 1.07156220495527
"ne0085" 0.945579809643649 0.946610262369079 0.967926569671525 0.991094271472586 0.994971243359059 1.06545790119696 1.03378512545525 1.0633670832756 1.06339206259176 1.01678578362063 1.03135359698804 1.03665605233405 0.949403242482394 0.963834699515316 1.07614490875116 0.999316067037713 1.06393594689492 1.08192138480196 1.07423089555886 1.07295521885737 1.10012446500676 1.10810763605702 1.05950772091764 0.971869479345323 1.0000248964947 0.889621037632647 0.820245168316085 0.751866181281707 0 1.0041690176521 1.01357089048865 1.00731307739495 1.10439042773952 0.957547418708554 1.0485295315084 1.0091772940741 0.913796867219677 0.972184318268628 0.97142714642407 0.900648840698289 1.0331335035717 1.06239572762003 0.962462510823515 1.0860078066708 1.02068259458608 0.946019143955023 0.999738685811823 1.01033425791864 1.0078803621582 0.961617926701575 1.01033603580029 1.03310795961159 1.02710416820307 0.955756365225154 0.933296988826051 1.07953045311048 1.07100531524449 1.0635812104527 1.021997536842 1.08645059303273 1.01216798171364 1.01432281317971 1.08424962566078 1.03575004332324 1.04755635354213 0.917222657024431 1.03196942620221 1.04472153273613 1.06009826331139 1.04924930596007
"ne0106" 1.02894897578765 1.03914856799497 1.00372316626169 1.0364215719721 1.0629066595218 0.978901433636499 0.94468192403278 0.959563693057944 0.957927492847255 0.962814188605557 1.06688213114043 1.04962088622818 1.08253681967202 1.02488558527353 0.954635854402449 1.00392014289887 1.0079331861448 0.968261490250521 0.984082387024185 0.96743356835352 1.04503600072087 1.07223881964481 1.09105788220981 1.01597449166935 0.983260481020181 1.00839725129685 1.04009933747184 0.99246327582302 1.0041690176521 0 1.07127989750401 1.09536776866922 1.03669928480018 0.985526536269855 0.988196169478277 1.01543805655507 1.00884596370383 1.00788056932838 1.04573173317247 1.05730850753978 1.06677062885978 1.0340053849781 1.05794333705453 1.05029850753946 0.979410734610624 0.975720174823558 1.04067638335517 1.00956835390105 0.986300439189625 1.06610423666144 1.02547352877895 1.00239784067543 0.987276303590772 1.02622530130827 1.02581782498104 1.05769376054791 1.05636595924656 1.0087306448348 1.01106378918214 0.996370645417219 1.04590766942955 1.01996595511985 0.964590428122092 1.03252111032876 1.03533303866591 1.05976432151627 1.01074986228174 1.0233935688769 1.0426800579866 1.0220147572098
"ne0110" 0.980441626393249 1.00685459160982 0.985608614503725 1.02493775879301 0.990845754168724 1.0693923157403 1.09406678355699 1.0964672790663 1.11833884622882 1.06747921183127 0.987397600791609 1.02010428559205 0.966261765810673 1.02894706087922 1.08633731303038 1.02858347587857 1.0449698460292 1.07622197615376 1.09186210552197 1.11374412641173 0.917182362819089 0.898542529891889 0.741432380205894 0.992277032447356 1.07586889819332 1.01174625422416 1.01600089509491 0.987412446049399 1.01357089048865 1.07127989750401 0 0.689710181811934 0.911733353858322 1.03981587032133 1.05332892320253 1.0540168093548 1.00430317369087 0.987423282663483 1.01056539526109 0.983578223853077 0.967284808782713 0.961037422858296 0.9900785779632 0.978888578774784 1.07396565139457 1.03910187588554 1.02664580294344 1.06436371899193 1.05417448522482 0.963590833835267 0.977168271284991 1.03286029914399 1.08305971034536 0.959342964367563 1.02930024482478 1.03861229789764 1.03598447555572 1.05862097586549 1.03319946213713 1.07081862158511 0.986480440638421 0.970921429630297 1.04169013028264 1.05890670635551 1.02278130608748 1.01185873563115 1.05729076600291 0.996081166456747 1.0098649695292 1.04278606115947
"ne0111" 1.01575820607005 1.02153868505007 0.977421855029198 1.05388588782219 0.994386757740645 1.097273055442 1.09400826507505 1.11661352740022 1.10966468547747 1.095574894311 1.01110595425231 1.03789445176509 0.977883934824008 1.01274509875269 1.1030803927082 1.05843157379467 1.06936758001607 1.11901361099512 1.10362043152163 1.10914223429198 0.901330008680142 0.865394766165664 0.668074994943844 1.05338047067343 1.04054572841342 1.00893663135362 0.990934197310281 0.97964119921379 1.00731307739495 1.09536776866922 0.689710181811934 0 0.878186715981283 1.07748187028865 1.04533018564304 1.09389816448257 0.950512333729544 0.955519625765153 1.04156421589936 0.964012959953694 0.949881635646005 1.00571639191741 0.968766161420169 0.9980405896306 1.07557620478771 1.03322590948253 1.03090637134386 1.0619034960879 1.04709442381946 0.963310231144446 0.964477097928953 1.05060270727981 1.09318942844254 0.962157361537042 1.0129369611302 1.04011476352085 1.00103688953982 1.01981483675452 0.983458956387689 1.04039802747806 0.953836521238503 0.933761281932896 1.04711718404845 1.04722990099327 1.08052014696452 0.99840467565914 1.05000807019733 0.978581326351916 0.951987690794455 1.01756673063669
