 Baroja_adventure_ne0066 Baroja_adventure_ne0112 Baroja_adventure_ne0118 Baroja_adventure_ne0233 Baroja_adventure_ne0237 Baroja_adventure_ne0243 Baroja_adventure_ne0244 Baroja_adventure_ne0245 Baroja_adventure_ne0304 Baroja_historical_ne0115 Baroja_historical_ne0117 Baroja_historical_ne0232 Baroja_historical_ne0239 Baroja_historical_ne0240 Baroja_historical_ne0246 Baroja_historical_ne0247 Baroja_historical_ne0248 Baroja_historical_ne0302 Bazan_historical_ne0107 BlascoIbanez_adventure_ne0166 BlascoIbanez_adventure_ne0266 BlascoIbanez_historical_ne0165 BlascoIbanez_historical_ne0254 BlascoIbanez_historical_ne0264 BlascoIbanez_historical_ne0265 BlascoIbanez_historical_ne0267 BlascoIbanez_historical_ne0269 BlascoIbanez_historical_ne0270 Carrere_adventure_ne0113 Dario_historical_ne0215 Galdos_adventure_ne0284 Galdos_adventure_ne0285 Galdos_adventure_ne0286 Galdos_historical_ne0277 Galdos_historical_ne0278 Galdos_historical_ne0279 Galdos_historical_ne0280 Galdos_historical_ne0281 Galdos_historical_ne0282 Galdos_historical_ne0283 Ganivet_historical_ne0130 Herrera_historical_ne0219 Miro_historical_ne0054 Miro_historical_ne0055 Pereda_historical_ne0144 Pereda_historical_ne0299 RBaroja_adventure_ne0182 Sender_historical_ne0124 Sender_historical_ne0125 Sender_historical_ne0126 Sender_historical_ne0292 Sender_historical_ne0293 Unamuno_historical_ne0114 Valle_historical_ne0020 Valle_historical_ne0021 Valle_historical_ne0022 Valle_historical_ne0030 Valle_historical_ne0033 Valle_historical_ne0035 Valle_historical_ne0036 Valle_historical_ne0037 WFFlorez_adventure_ne0143 Zamacois_adventure_ne0039
Baroja_adventure_ne0066 0.0 1.015371337399612 1.0781598764780052 1.1505149441350682 1.153499504983837 1.099701318063124 1.0909459659094134 0.9953755694594142 1.1066918586816212 1.1096076317014392 1.1053320481493154 1.1655017433602501 1.0414936338784233 1.0641494343679772 1.1352619221062032 1.2170342915650534 1.125255613577132 1.0316351746086911 1.09106937979416 1.0959871647878598 1.11351573154491 1.10043695973704 1.05313429598474 1.09978907465611 1.1178326352840802 1.11473458563251 1.11255473126216 1.09566324472784 1.02615359689419 1.05354425874094 1.12431539930427 1.11812626333808 1.13929075031636 1.08728490763432 1.05929306440224 1.15426878103043 1.10144443426395 1.1414368708233 1.09505478871473 1.10202194443287 1.13965847790868 1.0240396788588901 1.0583333216966502 1.05788012278004 1.1266468299068602 1.05831646682467 1.00781178576857 1.0152256655449599 1.00203730294402 1.00995138128659 1.00110826442776 0.9559547540509509 1.0195018078608 0.989647945991459 0.937140337633282 0.9438877962202321 1.08791156771492 1.0548692519573701 1.07998333750074 1.07737544799178 1.05404080725499 1.02261120679245 1.0904007651937901
Baroja_adventure_ne0112 1.015371337399612 0.0 1.0358583045836272 1.163259433655897 1.1120471442949023 1.029231423647134 1.040270944245484 1.003202453642888 1.0989913096539583 1.0049947161572224 0.9737950389181432 1.2069910124630971 1.0177667351343533 1.069031149337821 1.0500397723119703 1.0747518681804573 1.0796499171468703 1.0648230400328753 1.0993900434461101 1.10352873667185 1.12420995488918 1.13389704048719 1.11860553550726 1.15082890128702 1.12714459165014 1.1121197598526398 1.11151613241821 1.10390960194149 1.0191340481215299 1.06087219283033 1.04827970215402 1.0693481204552902 1.0794377237789599 1.05375786818461 1.0584846601162199 1.1181941205791799 1.0865458556406502 1.1215104504531699 1.07956541268113 1.09674815627521 1.0940623256955602 1.0351346774757 1.1205537268121202 1.11598525313636 1.0648174921793 1.08306124265526 1.01871887368996 1.09561114071363 1.0197323056452001 1.02943167848576 1.00105928135725 0.988948497289493 1.05671401084199 1.0370918948784 1.02028348064737 1.02652649960848 1.08738992334633 1.06904938032612 1.0665200958912 1.07689400348437 1.10023253378387 1.03771695181624 1.0769225794636599
Baroja_adventure_ne0118 1.0781598764780052 1.0358583045836272 0.0 1.1808708710347462 1.152418502059449 1.0395679140353602 1.0713239983273652 1.0448876905743434 1.1532353803359041 0.9526258619880453 1.016714097768474 1.1656001619431033 1.133531537250719 1.148203967102634 1.1130225917793983 1.083101706387737 1.1037806855770553 1.1200628312040344 1.0723502997952699 1.0916379200918 1.09437116943508 1.1091486450183101 1.12829026336027 1.1570361350796998 1.1209901125407 1.08591913960238 1.12360825943896 1.07207235817101 1.05283940980553 1.08482107101656 1.0754988087485502 1.06357392502994 1.06285639998316 1.00543984647838 1.0075909328452999 1.03065411550179 1.0657849079235 1.05004744504 1.07690659676869 1.083667151957 1.07600186558779 1.00620229474611 1.13061452384968 1.11974050260884 1.10866239584274 1.11482552423409 1.01456241556109 1.01805580899067 1.01844593600384 1.00178955399723 1.0264070294426801 1.02216304708351 1.0518857820411 1.07104880376645 1.01942549378451 1.0139434862093701 1.08623787365684 1.09230270252174 1.06814095786863 1.05409072669129 1.0487029100676601 1.02753086822649 1.06270153947977
Baroja_adventure_ne0233 1.1505149441350682 1.163259433655897 1.1808708710347462 0.0 0.7409754056752282 1.056752488944237 1.0793907399478604 1.1270295077225652 0.9249799512000302 1.0964251081046652 1.0800184688800405 1.258979603354086 1.2055492760443762 1.2124962388837321 1.1601557929619832 1.1686685191369182 1.1677826392636883 1.1917981732051393 1.12057264216296 1.08786472393488 1.07994574494569 1.1173253978728002 1.06603534534002 1.03131387087228 1.12579668862305 1.0619700504065401 0.9578634357976259 0.975067690121518 1.06041143005409 1.06525938771565 1.0786466432100899 1.06338550282458 1.10650485131696 1.10774473446363 1.07490958191076 1.15656253786774 1.1013500985103601 1.12958665167011 1.1107247145258998 0.9766704775799351 0.986207510325303 1.02981623364178 1.09327154149612 1.07381556259875 1.07512275170736 1.03128550079949 0.8989790671369841 1.03303245103666 0.9717578161167779 1.08489271229615 1.01432727999704 0.989449130444602 1.06750950684341 1.08204270888135 1.06581018713117 1.08098823066863 1.09813205274578 1.12349175047645 1.12355052118979 1.09885724823025 1.04088419171433 1.00465660549973 1.05757928106874
Baroja_adventure_ne0237 1.153499504983837 1.1120471442949023 1.152418502059449 0.7409754056752282 0.0 1.053050749642796 1.039252824170957 1.1159994966335773 0.8886456751424011 1.0931734948297491 1.0272678588266462 1.2613836775930762 1.1723363768126704 1.1938034180578332 1.103732964918572 1.1143074248645441 1.1459887276099183 1.1803679301009293 1.14906462121376 1.06989879789164 1.1106163562082 1.12833185492042 1.06891870422508 1.0369825543617899 1.13136812793198 1.05793563018919 0.952044772303868 0.980390150802899 1.06474042182069 1.0902378965705302 1.0619297014551299 1.05105420705041 1.10194322195374 1.1332636338901299 1.0908558318453698 1.16907606157101 1.1311777724800902 1.11994803649798 1.1258444134196002 0.998245962839503 1.0227424506013398 1.02077560683033 1.08035899871197 1.08903366791726 1.0627272207803802 1.04848159213057 0.92495498052838 1.0485838803782601 0.9942309010549208 1.09697797827088 1.02728955899358 1.001496986494 1.0780896394782198 1.0664208783954598 1.05647318285176 1.07811980324646 1.0992009495214499 1.11105042747583 1.12817097277552 1.10420040565241 1.0480187658258 1.02364755174883 1.0579525897053599
Baroja_adventure_ne0243 1.099701318063124 1.029231423647134 1.0395679140353602 1.056752488944237 1.053050749642796 0.0 1.0608929387307033 1.0404140518820593 1.0635679481734162 0.9081758998305732 0.9126585791486422 1.2715755889894962 1.1919711651157763 1.1847536451098954 1.1028683235760193 1.124329831132584 1.1505389864717652 1.1553041936303312 1.10421179996545 1.10052006750751 1.08859422787306 1.0637807793373 1.0699313303293498 1.11038490457068 1.11192730734874 1.07156818205018 1.06169837478408 1.02014360192815 1.05395727278022 1.1036445998963798 1.05893355848099 1.05809733157912 1.08550340038474 1.10621708464215 1.07310170426353 1.12293550761696 1.11314821514246 1.10580872509694 1.13669411414151 1.1084371220089 1.01503984649228 0.9972471123147378 1.09943448197678 1.09985032471644 1.073736539082 1.07576798181997 0.9837052460559829 1.03950069669121 0.984268704509085 1.07186988309109 1.00891211238377 0.9684509487355409 1.0438197347362501 1.06994151897438 1.0293056191814398 1.03559899010694 1.11395334486299 1.12429492955841 1.1309464322717702 1.11373094547735 1.0183293942377099 1.02242134883387 1.07919534127816
Baroja_adventure_ne0244 1.0909459659094134 1.040270944245484 1.0713239983273652 1.0793907399478604 1.039252824170957 1.0608929387307033 0.0 1.001358740083599 0.9660627024502513 1.097700204850498 0.9852370914176183 1.2038087448867354 1.0517355829332082 1.1065996356462662 1.072441235759276 1.0653254268069172 1.0736608194193071 1.1045298266803933 1.09539252184176 1.09029940400944 1.1116713052807499 1.1079183135098798 1.07857094244512 1.0719528623196601 1.08761594316929 1.07962953030254 1.09387158188521 1.1144962365873798 1.03416335040623 1.05191415867209 1.0451498683079201 1.04544610644927 1.0550652454101999 1.08673496529281 1.11553115565777 1.11233504776996 1.13076767361544 1.10957340343779 1.0918543913382401 1.12705666703435 1.06748702661866 1.0378608442927602 1.09227598367353 1.09693112060482 1.04980970569975 1.0805630432912 0.9547047836108941 1.06511879706869 1.03735336368456 1.03863248677181 1.04618953456901 1.0212178128331 1.12388043575149 1.05926584307955 1.05750966358094 1.0806921277378 1.0849955159406899 1.09411242596696 1.08106795758491 1.0773728173797799 1.0782545443117701 1.00218527119393 1.04342754423617
Baroja_adventure_ne0245 0.9953755694594142 1.003202453642888 1.0448876905743434 1.1270295077225652 1.1159994966335773 1.0404140518820593 1.001358740083599 0.0 1.1025173989169683 0.9918300164818771 1.0489156777912672 1.2023525548558383 1.0163237874653241 1.0171731278888863 1.047230318491632 1.0760313094907752 1.0245357559684503 1.0129110380882662 1.1209556438733999 1.0842132005015699 1.1242385058161002 1.07523848361656 1.09963468245297 1.1185022717506898 1.1029426462015701 1.09346858225702 1.0901178377275502 1.0785894750493201 1.04376693996631 1.06694562743894 1.1165084754682602 1.1359386337036201 1.12644020315478 1.07047079715648 1.08761514097189 1.15692806089556 1.1071713061346202 1.13917427440202 1.0937483873209 1.11888490209344 1.10649161128499 1.02218083582033 1.10476001689779 1.10359432032252 1.09259673643056 1.04016524350672 1.02860501057548 1.07280630888702 1.0231862007683 1.06137337432016 0.9863695768751891 0.9773756742635741 1.0461288259114698 1.0486372624639302 1.01614431634608 1.02983815021576 1.1129488546455601 1.0920640656645 1.1060811282706002 1.11519507562027 1.05984667973408 1.07238884794187 1.0653780297296802
Baroja_adventure_ne0304 1.1066918586816212 1.0989913096539583 1.1532353803359041 0.9249799512000302 0.8886456751424011 1.0635679481734162 0.9660627024502513 1.1025173989169683 0.0 1.2153080573160202 1.0416412946142353 1.1997615942904853 1.1347509589659703 1.142601952264589 1.1532270258992612 1.1769453431757833 1.1931069917369492 1.1260591905471313 1.07573688637112 1.06423435331536 1.0682801304095402 1.10100666313376 1.05131741276137 0.99298593263227 1.0829101279034798 1.08487877581992 1.01156985889805 1.03081063607289 1.03373761081058 1.05617938104275 1.0927975799494498 1.09671798140716 1.12844621691196 1.1276381010473602 1.10105643237771 1.12739916000644 1.1431658653025198 1.13968061808715 1.13879888011492 1.03628677299803 1.04985064947956 1.02716916235698 1.08004214183377 1.08912134016332 1.05452211122989 1.03799851403787 0.8771663733734208 1.03566722817593 1.03985384861597 1.05062859121227 0.995077205957396 0.9838180708129179 1.0607513906141401 1.05008978552112 1.06190065397548 1.07969339953193 1.12328931716579 1.14324116278018 1.15018455464679 1.10757983988104 1.03483053191929 0.985797061355753 1.03099610750503
Baroja_historical_ne0115 1.1096076317014392 1.0049947161572224 0.9526258619880453 1.0964251081046652 1.0931734948297491 0.9081758998305732 1.097700204850498 0.9918300164818771 1.2153080573160202 0.0 0.9282696315245001 1.3819679191868564 1.1390684567254432 1.1740980861238552 1.0067717072095852 0.9413226483113704 1.1679115402813534 1.1551863353720502 1.1165517579956101 1.08892936047596 1.06447035436504 1.06991858218735 1.12870886451145 1.11178016281693 1.12581019196983 0.994465422891345 0.9988087750122009 0.9791035615356078 1.0799479568435 1.13650801107282 1.0453432799904 1.0002889727445001 1.01407565784034 1.01794215648274 1.0454439810085299 1.1253610559198202 1.0447757683738301 1.1072790182719 1.0889382398721499 1.0732241680282 0.998753239526307 0.99649504963026 1.13074905533754 1.13118447125319 1.0729899899103301 1.06932858302094 1.06886726553629 1.15999266279225 0.980671182191132 1.11149385280361 0.974168249669359 0.985205430952636 1.0268328764721801 1.10139129015802 1.07734313239563 1.0706699682534302 1.0945088909212801 1.1353731231308402 1.07184295066118 1.07551226136182 1.11150975866878 1.0563289612843199 1.1310435183988998
Baroja_historical_ne0117 1.1053320481493154 0.9737950389181432 1.016714097768474 1.0800184688800405 1.0272678588266462 0.9126585791486422 0.9852370914176183 1.0489156777912672 1.0416412946142353 0.9282696315245001 0.0 1.2780320049779461 1.0851989605482584 1.1105707526344761 1.046948469841837 0.9764612978251721 1.1227068674537712 1.1308898842810282 1.1066029085475 1.08428812117446 1.1076277778333201 1.1165679460354598 1.13954133273274 1.1466250283354198 1.12296685692612 1.06632094320832 1.06930084950361 1.06070760924201 1.04342641136477 1.08091614731993 1.00227342694466 1.02707743652541 1.0280004372620501 1.03664807837555 1.0771216934874799 1.1087406972178402 1.0714045909532801 1.06884865443644 1.08460859116988 1.1128310847953402 1.0435593929145999 1.05017970378829 1.1442938330963799 1.14210122509684 1.0429329215764398 1.0818857453657 0.9863099175041451 1.12341572210488 1.03946655577949 1.06729993101855 1.05779031006452 0.9906295008373609 1.09546843041741 1.09495897401904 1.08499068432713 1.0712161127768298 1.1172902530770201 1.12599705537275 1.1111223657998999 1.10428929991175 1.0962122360447601 0.9970824377333821 1.05215271876851
Baroja_historical_ne0232 1.1655017433602501 1.2069910124630971 1.1656001619431033 1.258979603354086 1.2613836775930762 1.2715755889894962 1.2038087448867354 1.2023525548558383 1.1997615942904853 1.3819679191868564 1.2780320049779461 0.0 1.2409413757321461 1.2229315754676033 1.2793914133702262 1.2617971374185064 1.1159828756743502 1.1874984666838813 1.01460484454606 1.12150808127616 1.10111485364246 1.16075257279278 1.03461339066738 1.1269442680028998 1.09779201685275 1.09582087812684 1.11450461447727 1.1411770826993999 0.9950173227302231 0.9202273502117521 1.0429540751482198 1.06050288586176 1.03181997008856 0.957476273598028 0.9750876318724692 0.902916740595378 1.01065165944966 0.933458579674619 0.992355910896411 1.03798237430316 1.09290342559677 1.0001213058394 0.9842328800132499 1.03035184804204 1.0567400828405 1.1226376485362 1.0095962211454 0.9032507609740621 1.05208290409357 0.868853159977329 1.14291011423418 1.09939941815482 1.04348623137304 1.0083881955079 1.00327892185622 0.9896912395028059 0.976790941594346 0.9164775474781529 0.9399268933466322 0.968042261846461 0.955583827042454 1.03417493319261 0.9941348438554021
Baroja_historical_ne0239 1.0414936338784233 1.0177667351343533 1.133531537250719 1.2055492760443762 1.1723363768126704 1.1919711651157763 1.0517355829332082 1.0163237874653241 1.1347509589659703 1.1390684567254432 1.0851989605482584 1.2409413757321461 0.0 0.8025502999941652 1.0661946625731642 1.0661837034140254 1.036738476893201 1.0106571301127971 1.07629845607724 1.04354635823009 1.10095953141603 1.08767725318295 1.09283403409892 1.08768585846426 1.05450436769203 1.06326815207387 1.12138869609657 1.14135474702751 1.0014059362060501 1.0261422045846 1.0776013417252 1.08838571571044 1.07434670768329 1.0241292610038801 1.1360259004921598 1.12231993971529 1.08939768928058 1.1174837375673101 1.05200819066887 1.1462305665820902 1.1355705110319099 1.0259667955771101 1.11102270319496 1.0942050120553701 1.06030760571846 1.05762193393961 0.99907926727906 1.11034724529241 1.05547562844083 1.02581673149727 1.0062724729363801 0.996236586495098 1.09284919782455 1.03780145684008 1.02780268103697 1.0421282506281 1.06812818561454 1.06878775681061 1.05246563464319 1.0564199096357099 1.10648335345225 1.02816714800348 1.0280108554662
Baroja_historical_ne0240 1.0641494343679772 1.069031149337821 1.148203967102634 1.2124962388837321 1.1938034180578332 1.1847536451098954 1.1065996356462662 1.0171731278888863 1.142601952264589 1.1740980861238552 1.1105707526344761 1.2229315754676033 0.8025502999941652 0.0 1.1155490589383752 1.1109476224554833 1.0702905494623391 1.0288825177426322 1.10349878755378 1.00906452436578 1.0664992519521899 1.03256187198281 1.0469576231790798 1.0683048771901 1.0192204271216998 1.0578066120537 1.09749869425354 1.0945066649488902 1.0323606505805 1.02762255542086 1.0857652191959202 1.08768916485184 1.07355043886768 1.05810980061802 1.09340735097162 1.1236242473066202 1.06125244546505 1.1211112886366998 1.04298883000972 1.10534573741213 1.09828925316414 0.987261903922706 1.09549842508488 1.07866164118146 1.0691117718638101 1.06097083598664 1.02584059650211 1.11068160434439 1.08070163987837 1.04090614487817 0.9971202180831971 0.995525237864892 1.06285082318699 1.0504057790819399 1.04193501156857 1.05285973041078 1.08362273702858 1.08069864285945 1.07418364417109 1.0584611308839 1.06239056176615 1.04265611893518 1.0486864437955
Baroja_historical_ne0246 1.1352619221062032 1.0500397723119703 1.1130225917793983 1.1601557929619832 1.103732964918572 1.1028683235760193 1.072441235759276 1.047230318491632 1.1532270258992612 1.0067717072095852 1.046948469841837 1.2793914133702262 1.0661946625731642 1.1155490589383752 0.0 1.003013187186065 1.0970519269723034 1.1401104171561083 1.0533585382860502 1.0752853115663898 1.09204496774293 1.09931222593202 1.1253137079159699 1.1036210033867502 1.08245334582263 1.06437633002997 1.0758455203075301 1.06838867797905 1.01930463774143 1.0802365433071999 1.0384058425742801 1.0421705111825201 1.06929503482536 1.02691532364474 1.07149109427295 1.0901518456496802 1.06259354385352 1.0756267857650699 1.0500393000958599 1.1326543125038702 1.05803750931494 1.03407934025047 1.10793285729395 1.10427795625618 1.0140980202119598 1.0645042494016201 1.05171992772213 1.1067417356767801 1.01257726594116 1.02969585817911 1.00669267687691 0.9616095310694308 1.0443795607214699 1.06543920007816 1.07787530315466 1.05194359110821 1.05803316171737 1.07157055319357 1.0384154516608601 1.04620689626423 1.10632052463867 1.04077119779351 1.0852257157060399
Baroja_historical_ne0247 1.2170342915650534 1.0747518681804573 1.083101706387737 1.1686685191369182 1.1143074248645441 1.124329831132584 1.0653254268069172 1.0760313094907752 1.1769453431757833 0.9413226483113704 0.9764612978251721 1.2617971374185064 1.0661837034140254 1.1109476224554833 1.003013187186065 0.0 1.0245539060260422 1.1846824607594473 1.05433472289721 1.02461843401952 1.10960000086824 1.1058521075215402 1.15426424425649 1.12457062926696 1.06225869991402 1.01552662367139 1.0635877611189 1.05962815089401 1.04129846349589 1.0851398054158798 0.9871025551804979 1.0325923723087 0.9656226096465509 0.909871747707904 1.06963304390062 0.978861482568003 0.963121015968558 0.9744003059258092 0.993885916333484 1.12189390720812 1.0331370215937399 1.0807750651551 1.14898354866456 1.16138833600641 0.98905322560396 1.1228285048433102 1.05593410166874 1.1363508678415901 1.0522425514743299 1.04396861640703 1.06754718340314 1.04958786034458 1.12006758947066 1.11915286245962 1.1499382870226298 1.1062567106294 1.0740902263788399 1.04160593911924 1.01180526220589 1.01669323297992 1.12516201771794 1.02185880667149 1.08102268686704
Baroja_historical_ne0248 1.125255613577132 1.0796499171468703 1.1037806855770553 1.1677826392636883 1.1459887276099183 1.1505389864717652 1.0736608194193071 1.0245357559684503 1.1931069917369492 1.1679115402813534 1.1227068674537712 1.1159828756743502 1.036738476893201 1.0702905494623391 1.0970519269723034 1.0245539060260422 0.0 0.9910885338580021 1.10517465699463 1.0736966497451 1.1144549833959398 1.12824394731842 1.16925213863625 1.17135635378184 1.10872015628592 1.08549358742569 1.1113376792842802 1.1210665485573301 1.02223409132886 1.07064265089464 1.0562898903188198 1.0927720043285798 1.0395695296738299 0.9706588571475941 1.0364344557985101 1.0311708183052801 1.02134066707424 1.00498492155784 1.0138548314851201 1.0993044666915899 1.04349686513503 0.994421932943783 1.1399743922894199 1.1390525803390101 1.07544287940023 1.1115851114866 0.9959081747734458 1.06628511902194 0.9331737467191831 0.9151606384215659 1.03630047785111 1.03601250482034 1.1044761527579299 1.07755150453755 1.08359517591767 1.07459540150327 1.05610817908666 1.03633185999712 1.0429049368532 1.02256116962063 1.09062549474804 1.0077725954760401 1.03451944135579
Baroja_historical_ne0302 1.0316351746086911 1.0648230400328753 1.1200628312040344 1.1917981732051393 1.1803679301009293 1.1553041936303312 1.1045298266803933 1.0129110380882662 1.1260591905471313 1.1551863353720502 1.1308898842810282 1.1874984666838813 1.0106571301127971 1.0288825177426322 1.1401104171561083 1.1846824607594473 0.9910885338580021 0.0 1.0676858329572199 1.06742255125946 1.08103334987419 1.09240889057835 1.11847583281544 1.1215222125825401 1.09957280807313 1.11177604091216 1.10310714658554 1.1175128090063602 0.999709010268942 1.05685079254956 1.07910861273924 1.1038136025023 1.0844213274263699 1.03845535911563 1.05300682580261 1.0861431013813 1.06460751518299 1.0685056394548 1.0417216803015301 1.0834542594982899 1.07672193264481 1.01535864851551 1.09848122965661 1.10251373936823 1.06473567335956 1.0592247817011 0.9797449900381858 1.041888339742 0.990773661844919 0.977869459438329 1.0061795876470099 0.9601106925008359 1.04381026251063 1.07262722941675 1.02243288197592 1.0422535367368 1.10000196027273 1.08624575806718 1.08100716216224 1.09037085777282 1.07509323911614 0.983958688971438 0.996392983311725
Bazan_historical_ne0107 1.09106937979416 1.0993900434461101 1.0723502997952699 1.12057264216296 1.14906462121376 1.10421179996545 1.09539252184176 1.1209556438733999 1.07573688637112 1.1165517579956101 1.1066029085475 1.01460484454606 1.07629845607724 1.10349878755378 1.0533585382860502 1.05433472289721 1.10517465699463 1.0676858329572199 0.0 1.00753686158699 0.9917987156475679 0.9869728669759891 1.0016865387420402 0.9795510306248291 0.966031023383693 1.0156745673460499 1.06606910512422 1.04569071268215 0.8643543273903921 0.967758813280573 0.9733648550276759 0.989899437766788 0.986780220709749 0.9044533900988071 0.9813740134938559 0.855462128101431 0.985020401815614 0.9265873260446851 0.958476987450256 0.983469812681593 0.994800740849192 1.09205853818347 1.00801206894689 0.9675938336969291 0.9255013291848521 1.00049866898954 1.00827001869007 1.0204379151156802 1.07499624727747 1.00798278269009 1.01193855319312 1.00875898241753 1.00816452986977 0.986363518124987 1.02648523509779 0.996380223262489 0.968441158177328 0.9550633636261329 0.9450724760213001 0.91987854100025 1.06237381583476 0.9332510049421491 0.9045592599724871
BlascoIbanez_adventure_ne0166 1.0959871647878598 1.10352873667185 1.0916379200918 1.08786472393488 1.06989879789164 1.10052006750751 1.09029940400944 1.0842132005015699 1.06423435331536 1.08892936047596 1.08428812117446 1.12150808127616 1.04354635823009 1.00906452436578 1.0752853115663898 1.02461843401952 1.0736966497451 1.06742255125946 1.00753686158699 0.0 1.1184967851469736 1.0750237216919456 1.3039065829732335 1.0683148002509566 1.0299626247213305 1.0802921532695358 1.1208651533737797 1.1250258465263285 1.04256190229684 1.043163555774 1.05827201238864 1.05202557971432 1.00609046356503 1.04563571254468 1.04316673671262 1.02657262604699 1.0253171800601801 1.05573024465683 1.01179302641829 1.02259203117145 0.912240553988583 1.08154666878453 1.1129769721675 1.10424116232309 0.992637222178271 1.00256181743522 1.0884923764261 1.103475022987 1.0967191079110301 1.106718531998 1.0140687254686 1.02901425582921 1.0229926561422902 1.09649266955989 1.14700979753432 1.11274433977279 1.09702164768519 1.12778956949229 1.15107355177073 1.10688775638206 1.10856941445777 0.993163369730612 0.97479392583038
BlascoIbanez_adventure_ne0266 1.11351573154491 1.12420995488918 1.09437116943508 1.07994574494569 1.1106163562082 1.08859422787306 1.1116713052807499 1.1242385058161002 1.0682801304095402 1.06447035436504 1.1076277778333201 1.10111485364246 1.10095953141603 1.0664992519521899 1.09204496774293 1.10960000086824 1.1144549833959398 1.08103334987419 0.9917987156475679 1.1184967851469736 0.0 1.0634702868420325 1.2262087150657819 1.0916941786898426 1.1002137614368528 1.1636416893168575 1.1869890221492156 1.1675434004518956 0.975892752610747 1.02523281571181 1.08476851959592 1.02658183508227 1.03783945668471 1.07867080348011 1.06331501245193 1.05974228276141 1.06328598563879 1.07951664959547 1.06431456251334 1.02899085886599 0.8528939087862091 1.02373987767812 1.06061692691098 1.06509551873349 1.02597273354188 0.9826858741413431 1.0278204633450698 1.05602082264797 1.03961228700848 1.0568035728601899 1.01245677261673 1.04663045056244 1.05146977597645 1.09477829742634 1.11152139272039 1.11199488828401 1.09293123905486 1.12257708544993 1.11242620276326 1.08097804715959 1.07256456037781 0.95967082426459 0.985261912751142
BlascoIbanez_historical_ne0165 1.10043695973704 1.13389704048719 1.1091486450183101 1.1173253978728002 1.12833185492042 1.0637807793373 1.1079183135098798 1.07523848361656 1.10100666313376 1.06991858218735 1.1165679460354598 1.16075257279278 1.08767725318295 1.03256187198281 1.09931222593202 1.1058521075215402 1.12824394731842 1.09240889057835 0.9869728669759891 1.0750237216919456 1.0634702868420325 0.0 1.1883145086006168 0.9601622876843176 0.9734060966320086 1.1227286859741126 1.1835362952581596 1.1494932574545755 1.03815075245734 1.06573522502804 1.1149352430533102 1.09476206579439 1.05907626337039 1.1232223915881 1.07755937674638 1.09979920070279 1.0921270224550501 1.1364375937659599 1.0915201848914 1.05102048377316 0.9149269067057149 0.9679718184360241 1.07148578469128 1.03982594984199 1.05524258930188 0.9522872220714879 1.05316948525913 1.03072824925167 1.05047398132918 1.1014812403311498 0.961462316064018 1.01100156632527 0.9647401081303578 1.08731293578564 1.09344679048113 1.0876332081931 1.07295199227485 1.15097855444724 1.15147452594347 1.10704731500618 1.00341200215547 1.0057582533647902 0.9740884445320781
BlascoIbanez_historical_ne0254 1.05313429598474 1.11860553550726 1.12829026336027 1.06603534534002 1.06891870422508 1.0699313303293498 1.07857094244512 1.09963468245297 1.05131741276137 1.12870886451145 1.13954133273274 1.03461339066738 1.09283403409892 1.0469576231790798 1.1253137079159699 1.15426424425649 1.16925213863625 1.11847583281544 1.0016865387420402 1.3039065829732335 1.2262087150657819 1.1883145086006168 0.0 1.1601220963889487 1.2654188981674548 1.2552098248694867 1.2574244334178266 1.1915796181349447 1.03046228264704 0.906737648597252 1.11316053096873 1.07271610283769 1.10032704084612 1.17026586122515 1.1010236660136001 1.1370611547089098 1.12750606663111 1.13631469168798 1.09952991475973 1.02821002741365 0.950639039007495 0.974393181234037 0.8104061957310641 0.842465325321683 1.1071762885228 0.9749867830760209 1.0348663374129399 0.9891791588913391 1.04644846584233 1.09407491620006 1.01938480363575 1.02557263066932 0.9500950131585029 0.99301535707984 0.981342323165964 0.9980354332540591 1.06762652391086 1.10017998411923 1.11423419357498 1.09192333276997 0.928492909209917 1.05812058737331 1.04127420573023
BlascoIbanez_historical_ne0264 1.09978907465611 1.15082890128702 1.1570361350796998 1.03131387087228 1.0369825543617899 1.11038490457068 1.0719528623196601 1.1185022717506898 0.99298593263227 1.11178016281693 1.1466250283354198 1.1269442680028998 1.08768585846426 1.0683048771901 1.1036210033867502 1.12457062926696 1.17135635378184 1.1215222125825401 0.9795510306248291 1.0683148002509566 1.0916941786898426 0.9601622876843176 1.1601220963889487 0.0 1.0090373022139025 1.1019604391656526 1.1016989749662496 1.1348721873712746 1.0052461706499598 1.01863742014717 1.12875107320076 1.0862519796208598 1.1081269763555102 1.15071482357554 1.101605110405 1.1380338298450001 1.1241297353200501 1.17763374868191 1.1119567629946598 1.01659525510441 0.954959242394669 1.00085829173262 1.01041136370279 1.00101561809922 1.07587449484115 0.951708107610677 0.9910397557796701 1.05662928827954 1.08315174984291 1.1029759413174198 0.968547259804967 1.0251962240303 0.9936133787360601 1.06168612184 1.0873361001742199 1.07096990951242 1.08647844765957 1.12791189268611 1.1442563140176 1.08853572692007 1.03803629589233 1.026588766947 0.9936509967579399
BlascoIbanez_historical_ne0265 1.1178326352840802 1.12714459165014 1.1209901125407 1.12579668862305 1.13136812793198 1.11192730734874 1.08761594316929 1.1029426462015701 1.0829101279034798 1.12581019196983 1.12296685692612 1.09779201685275 1.05450436769203 1.0192204271216998 1.08245334582263 1.06225869991402 1.10872015628592 1.09957280807313 0.966031023383693 1.0299626247213305 1.1002137614368528 0.9734060966320086 1.2654188981674548 1.0090373022139025 0.0 1.1341999614579767 1.2178303174361234 1.2136610955151985 1.00563697378047 1.0262278943346999 1.09092763624735 1.08843253588517 1.0352894179156802 1.04163101446429 1.0710356513159 1.03813236237552 1.07045140570051 1.07461340004028 1.03040001432733 1.0652980212337 0.9674635072143639 1.05147256957772 1.0811190295750501 1.06526901138702 1.01788217579798 0.9883385541535649 1.08153943745586 1.04248774086604 1.0861632870874 1.0455372867121 1.01583347010009 1.0409411024086401 1.01161024245549 1.07166276216733 1.10966300167333 1.07229413606129 1.05636916114066 1.08582547825672 1.0863731607534 1.06166761935255 1.07401097965272 0.9727570215209879 0.966423742965558
BlascoIbanez_historical_ne0267 1.11473458563251 1.1121197598526398 1.08591913960238 1.0619700504065401 1.05793563018919 1.07156818205018 1.07962953030254 1.09346858225702 1.08487877581992 0.994465422891345 1.06632094320832 1.09582087812684 1.06326815207387 1.0578066120537 1.06437633002997 1.01552662367139 1.08549358742569 1.11177604091216 1.0156745673460499 1.0802921532695358 1.1636416893168575 1.1227286859741126 1.2552098248694867 1.1019604391656526 1.1341999614579767 0.0 1.0534393929339485 1.0928612158529396 1.06057628364702 0.987102774999021 1.06985964304655 1.06201252881882 1.02118543742523 1.09470887868076 1.09695253307315 1.0762919153566899 1.045826050051 1.08910289751621 1.0848035382389 1.0492169423205402 0.8769459800781091 1.03664737298458 1.00890270742091 1.02621209539067 1.052119408431 1.0279761252328101 1.0879520092322699 1.13096822809895 1.07116358733675 1.1447970998963202 1.03994333474984 1.03419479079119 1.00304146589451 1.07392055469541 1.11648210565817 1.09656930957157 1.10391932980849 1.12236372981894 1.11510254196731 1.10874799749464 1.07894263891938 1.0314976069204498 1.0111060926173498
BlascoIbanez_historical_ne0269 1.11255473126216 1.11151613241821 1.12360825943896 0.9578634357976259 0.952044772303868 1.06169837478408 1.09387158188521 1.0901178377275502 1.01156985889805 0.9988087750122009 1.06930084950361 1.11450461447727 1.12138869609657 1.09749869425354 1.0758455203075301 1.0635877611189 1.1113376792842802 1.10310714658554 1.06606910512422 1.1208651533737797 1.1869890221492156 1.1835362952581596 1.2574244334178266 1.1016989749662496 1.2178303174361234 1.0534393929339485 0.0 0.8982097220255816 1.07620622898168 1.01952780818926 1.08122288833949 1.07350994479709 1.04745690719132 1.10031779780788 1.05971499476859 1.0903400380396 1.03109768459391 1.1071780562580902 1.08363458650405 0.948322836170392 0.834105899917452 1.03936554905081 1.0160949885269699 1.04776083049729 1.02584723536874 0.967948762038297 1.0683427044531 1.11830220612624 1.03406585205684 1.16009782416825 1.03643174371506 1.0197155994265799 1.01660074948386 1.0807113177539 1.11639836403711 1.114676838295 1.11600558373105 1.1435548417060801 1.1260053706216102 1.11973654548777 1.08926126922597 1.0713201224986 1.05202151651533
BlascoIbanez_historical_ne0270 1.09566324472784 1.10390960194149 1.07207235817101 0.975067690121518 0.980390150802899 1.02014360192815 1.1144962365873798 1.0785894750493201 1.03081063607289 0.9791035615356078 1.06070760924201 1.1411770826993999 1.14135474702751 1.0945066649488902 1.06838867797905 1.05962815089401 1.1210665485573301 1.1175128090063602 1.04569071268215 1.1250258465263285 1.1675434004518956 1.1494932574545755 1.1915796181349447 1.1348721873712746 1.2136610955151985 1.0928612158529396 0.8982097220255816 0.0 1.0490972042553 1.03616084851188 1.1005624964015501 1.09344789222959 1.07546219934515 1.12189807817701 1.05697745949155 1.09987264313059 1.0777994878159598 1.11958416915621 1.08838051733281 0.966107805081429 0.8339715607553799 1.02851446294723 1.0304348110052601 1.04917336792106 1.05020990031427 0.9639139450531271 1.09975337557089 1.10708899299763 1.02227783421764 1.13866327646368 1.02250503428822 0.9928856797770941 0.9879060977023021 1.0973655727368599 1.1229624959153002 1.1077966588855301 1.12495199308283 1.16094957782704 1.16882802365774 1.1304065566235302 1.06792071382035 1.04487596330048 1.05374379551322
Carrere_adventure_ne0113 1.02615359689419 1.0191340481215299 1.05283940980553 1.06041143005409 1.06474042182069 1.05395727278022 1.03416335040623 1.04376693996631 1.03373761081058 1.0799479568435 1.04342641136477 0.9950173227302231 1.0014059362060501 1.0323606505805 1.01930463774143 1.04129846349589 1.02223409132886 0.999709010268942 0.8643543273903921 1.04256190229684 0.975892752610747 1.03815075245734 1.03046228264704 1.0052461706499598 1.00563697378047 1.06057628364702 1.07620622898168 1.0490972042553 0.0 0.9868870982831421 1.04957323396742 1.03110946710223 1.0546441727645102 0.9788842817301899 1.03324626869437 1.00838534363803 1.08970974031057 1.04025475646647 1.0737119020937 1.04764976973444 1.02981824290427 1.04465251797253 1.0557247098941 1.04619851104311 0.9863227502669559 0.972646536759494 0.915473148269803 0.957403388604944 1.0079038712505999 0.9719343676634841 1.01876574033713 0.999066533741965 1.06845207525476 1.0073340918836802 1.03841167944135 1.02778965917416 0.9844254191415329 1.00312067349904 1.00549764027687 0.994624273503643 1.03253666470302 0.8556683303390041 0.956816823014463
Dario_historical_ne0215 1.05354425874094 1.06087219283033 1.08482107101656 1.06525938771565 1.0902378965705302 1.1036445998963798 1.05191415867209 1.06694562743894 1.05617938104275 1.13650801107282 1.08091614731993 0.9202273502117521 1.0261422045846 1.02762255542086 1.0802365433071999 1.0851398054158798 1.07064265089464 1.05685079254956 0.967758813280573 1.043163555774 1.02523281571181 1.06573522502804 0.906737648597252 1.01863742014717 1.0262278943346999 0.987102774999021 1.01952780818926 1.03616084851188 0.9868870982831421 0.0 1.00552186502133 1.01901680000966 1.0032211293022 1.05626684679236 1.05829086494534 1.00771143361294 1.03362811073749 1.0081877172981 1.02697361959893 1.0166059701348 1.03213050982759 1.01140791913285 0.829172509399152 0.8444370135807571 1.02605597711547 1.02048275862417 1.02700176023392 1.02801639622529 1.0689809323247 1.02570207535076 1.0763069763672701 1.06320496581571 1.0036261073114698 0.9824466968645871 0.9934803879142541 1.02817458014294 0.9967827508632711 1.00781587311557 1.0253315154493101 1.01139396590219 0.974684409152172 1.0481261748677702 0.9945732284375091
Galdos_adventure_ne0284 1.12431539930427 1.04827970215402 1.0754988087485502 1.0786466432100899 1.0619297014551299 1.05893355848099 1.0451498683079201 1.1165084754682602 1.0927975799494498 1.0453432799904 1.00227342694466 1.0429540751482198 1.0776013417252 1.0857652191959202 1.0384058425742801 0.9871025551804979 1.0562898903188198 1.07910861273924 0.9733648550276759 1.05827201238864 1.08476851959592 1.1149352430533102 1.11316053096873 1.12875107320076 1.09092763624735 1.06985964304655 1.08122288833949 1.1005624964015501 1.04957323396742 1.00552186502133 0.0 0.9630840672059048 0.9775060954347727 1.1559433399132297 1.2003978475579227 1.121313015454267 1.0953838810243748 1.0626555521336658 1.1189864659264057 1.2025370440317669 0.943186155889283 1.06089289355966 1.06149610808481 1.05558259474014 0.8395220465585941 1.03711257813722 1.07457028596445 1.11338988227068 1.08124797301861 1.05284763735778 1.0871931580538199 1.11061548934469 0.97932182569266 1.08006760287822 1.0884414344684399 1.08158787557083 0.991625889548272 0.9616031031849559 0.9353195140727709 0.984510690545775 1.10345079929933 1.04050069845647 1.0022405265333398
Galdos_adventure_ne0285 1.11812626333808 1.0693481204552902 1.06357392502994 1.06338550282458 1.05105420705041 1.05809733157912 1.04544610644927 1.1359386337036201 1.09671798140716 1.0002889727445001 1.02707743652541 1.06050288586176 1.08838571571044 1.08768916485184 1.0421705111825201 1.0325923723087 1.0927720043285798 1.1038136025023 0.989899437766788 1.05202557971432 1.02658183508227 1.09476206579439 1.07271610283769 1.0862519796208598 1.08843253588517 1.06201252881882 1.07350994479709 1.09344789222959 1.03110946710223 1.01901680000966 0.9630840672059048 0.0 1.0162116236107528 1.1881080560705006 1.2254938379248757 1.1886926846324168 1.1895069903036446 1.0903527419441128 1.1771123971171378 1.2149283537178337 0.9624742056695971 1.0554311113071702 1.02709319288114 1.03290410503352 0.873349052436994 1.00303224929783 1.04995225258248 1.06694000018592 1.0418377171551099 1.05419373047013 1.0061899553318299 1.1042847932844 1.0137867856942 1.07853992932963 1.0972847623225899 1.06073578527262 0.987516209911088 1.0111082649521101 0.985100805878597 1.0195864288682701 1.08449463258126 1.00958924366534 0.992549642527184
Galdos_adventure_ne0286 1.13929075031636 1.0794377237789599 1.06285639998316 1.10650485131696 1.10194322195374 1.08550340038474 1.0550652454101999 1.12644020315478 1.12844621691196 1.01407565784034 1.0280004372620501 1.03181997008856 1.07434670768329 1.07355043886768 1.06929503482536 0.9656226096465509 1.0395695296738299 1.0844213274263699 0.986780220709749 1.00609046356503 1.03783945668471 1.05907626337039 1.10032704084612 1.1081269763555102 1.0352894179156802 1.02118543742523 1.04745690719132 1.07546219934515 1.0546441727645102 1.0032211293022 0.9775060954347727 1.0162116236107528 0.0 1.152438063222137 1.2386543748427468 1.1120518667573296 1.111391978468455 1.0658269707482668 1.1092299810454458 1.2376247365271809 0.9120547979226451 1.05566015402626 1.07351784363663 1.0814255583135 0.8613254392024341 1.040584616351 1.0913044621725798 1.1294891777511398 1.0831482746510699 1.0620190404723 1.1125029657552 1.13221460222068 0.988298488272264 1.0888624065001602 1.12097118292662 1.10354855508632 0.9841067996983079 0.9558934829881071 0.9324622031425601 0.979700262089462 1.09589225693503 1.04047444832408 0.992866646438899
