"ne0007" "ne0008" "ne0013" "ne0014" "ne0016" "ne0017" "ne0018" "ne0020" "ne0021" "ne0022" "ne0026" "ne0029" "ne0030" "ne0033" "ne0035" "ne0036" "ne0037" "ne0040" "ne0045" "ne0048" "ne0053" "ne0054" "ne0055" "ne0079" "ne0081" "ne0084" "ne0085" "ne0107" "ne0110" "ne0114" "ne0115" "ne0117" "ne0120" "ne0124" "ne0125" "ne0126" "ne0130" "ne0141" "ne0144" "ne0155" "ne0160" "ne0165" "ne0167" "ne0169" "ne0170" "ne0185" "ne0192" "ne0215" "ne0219" "ne0221" "ne0223" "ne0226" "ne0228" "ne0232" "ne0239" "ne0240" "ne0246" "ne0247" "ne0248" "ne0254" "ne0264" "ne0265" "ne0267" "ne0269" "ne0270" "ne0277" "ne0278" "ne0279" "ne0280" "ne0281" "ne0282" "ne0283" "ne0292" "ne0293" "ne0299" "ne0302" "ne0307" "ne0311" "ne0318"
"ne0007" 0 0.907405318008151 1.06157328014699 1.06958533299041 1.04603566941935 1.1017410817041 1.05944850731711 1.11454968451163 1.11895048320384 1.09553331185487 0.967065591145558 0.932918662770933 1.02966849614427 1.05093193496913 1.05928900335118 1.03146577791579 1.04873449474241 0.926606489650545 1.01423511440396 1.05934699583031 1.02542444306591 1.07079054120714 1.04082578317688 0.986837767308059 0.929921821669754 0.902117678636706 0.932717903495671 0.935060332803498 0.960531401853115 1.04909684722425 1.10427005092437 1.08745842220306 0.912382012635743 1.0161026051262 1.03677670417453 0.97781684712256 0.976507118176128 1.03371658231967 0.991969124900882 0.952035942048461 0.99520305256906 1.01771646875802 0.973824718501374 0.972721603015665 0.951258450622277 0.993188437621791 0.896327411900692 1.0359769073043 1.02092793450093 0.988691526443598 0.929403476873754 0.885922939178085 0.987019047724296 0.96397954913553 1.06225007170869 1.02886404817642 1.04566068160894 1.06567008438733 1.01639002502685 1.02276989780288 1.05433237682606 0.999628795917934 1.07540092492451 1.10171431758365 1.07719898038514 0.993175114124394 1.00008734693856 0.940336063956059 0.996903833377478 0.979215855701725 0.982619821953705 1.02554304329285 1.03594682655765 1.03207473970627 0.998750407474791 1.03534675593325 0.990139719076899 0.989255121555138 0.955404359796682
"ne0008" 0.907405318008151 0 1.00309786065197 1.04470879814959 1.00196974845243 1.04505687285544 1.01211876108525 1.07920216336297 1.07676992918267 1.04464752896118 0.744274030334593 0.907967227911449 1.0891023453363 1.07157219873171 1.10947961268497 1.05215326023856 1.07900518248288 0.93134201282595 1.02459410349276 1.03480220356871 1.01649305157711 1.09444045082863 1.05977731501364 0.955610062734788 0.936425826659008 0.942333440662596 0.959819684486549 0.931214317495552 1.00319404702905 1.03587739602163 1.10744237014531 1.10159110002009 0.881907604201191 1.03358112586387 1.08089807046334 1.04316876931216 1.05383959928753 0.97579544647381 1.00200724291289 0.873505754063421 1.0627652265391 1.01149044856493 1.01145028281851 0.965057574961261 0.974679932530352 0.946041734941009 0.919204207599769 1.0459276049182 1.05821808953169 0.970271635080284 0.955608156800972 0.98975509436323 0.963616026679176 1.03545887029362 1.05197368855125 1.06638577810279 1.0812250489731 1.08418465179916 1.08077527738193 1.03423941819933 0.982305729269704 1.005245112559 1.04359233439749 1.07286319046797 1.03243287210999 1.01813923567169 1.00806044875612 0.968282899893787 1.02003087714162 1.04087361728934 1.01370403947086 1.04960694432247 1.02205166278501 1.01553936009056 0.989985636406257 1.03601245758434 0.902481116775393 0.881421004968131 0.999161043103905
"ne0013" 1.06157328014699 1.00309786065197 0 0.736971042596873 0.655903184486305 0.74781627918299 0.756412756476713 0.794238500867445 0.821896754821681 0.812127604751772 0.989193814703969 1.09280133905111 0.997474465733859 0.956041841418664 1.009314813074 1.00865972356634 0.936609728319701 0.999795434052579 0.923090261780616 0.892020425667117 0.900970741650143 0.918940633531116 0.919440366873423 1.0578628416133 1.12581991908915 1.0443168902901 1.05127277114684 1.03584094754817 1.06659433172873 1.03735573105779 1.13765064522627 1.07472755216641 0.990157719561704 1.05639743391079 1.09307330084945 1.08776601847971 1.17454180201912 0.968461118800645 1.12760175490243 1.05997863603372 1.06633447107976 1.12659157457171 1.02964732605478 0.997507007244046 1.02135798591414 1.03534529497015 1.09718480487032 0.96067009475348 1.06225963998829 0.98635249723387 1.04388018257701 1.03114785140127 1.04359420684301 1.01992070052698 1.04409271570771 1.04307669868651 1.08133693674437 1.11744884056946 1.12135929156973 0.994171724622545 1.07999196505066 1.08587347756218 1.09169348191372 1.11302835171501 1.10817212447636 1.15616486876492 1.14448522943881 1.10578583486202 1.14889476222236 1.1439430122897 1.1493199492734 1.13721834232614 1.09399732666469 1.03615252517203 1.05703978117094 1.08436259007313 0.986485810616354 1.00176837323174 1.02266382953003
"ne0014" 1.06958533299041 1.04470879814959 0.736971042596873 0 0.708599243094548 0.782147865508208 0.753023543941888 0.82951039106819 0.851431073264735 0.89009048499259 1.03016195219594 1.13421001629379 0.959085660384119 0.96496384504651 1.00612019662089 0.989165063981291 0.89162497670656 0.998040818698487 0.96768858698287 0.911948265953396 0.927930304974865 0.8998347649861 0.896088328407734 1.06324618747289 1.10071078655497 1.02767778171026 1.02191231232099 1.03285135247591 1.09693696058411 1.03340870483887 1.14194338282391 1.07865240305847 0.934459007763236 1.0360086021336 1.105981249006 1.11127396181929 1.11454014359116 0.994665760150772 1.07691564820907 1.07933684731037 0.951418178996104 1.08238790048402 1.04905659007508 1.01240331789058 1.02833090852261 1.01064972628333 1.14562848440703 0.946159958287916 1.04382328168018 1.02046240747678 1.03945560120263 0.993856835390741 1.08305374595699 1.05437097264246 1.08557111617375 1.07970874441668 1.0964484445446 1.13994606062273 1.1579133950141 0.947789905091142 1.01663664265023 1.0923445360687 1.05275372934227 1.04788168974319 1.04283539208819 1.14674906860729 1.15047067060153 1.11284346015876 1.14666434881919 1.11308786254852 1.15732931835346 1.06026951647972 1.08463119549221 1.06538140661748 1.04222852284877 1.11308819815304 0.989978890550306 1.01860280659168 1.00965708630783
"ne0016" 1.04603566941935 1.00196974845243 0.655903184486305 0.708599243094548 0 0.792213502846825 0.709667733950259 0.834336428627233 0.880539932813112 0.867747688762355 1.00022068470059 1.11283921915794 0.980445067156475 0.975626583796128 1.01248402507005 1.03690271242615 0.956170229737605 1.00222273240367 0.91749660902171 0.917997871931752 0.941228038686994 0.931954170560879 0.924099231479746 1.08591077272442 1.09681135700209 1.043116392611 1.04467628847938 1.0023336010557 1.09409999469883 1.02816013264866 1.11046295139823 1.07287029674746 0.953360633061089 1.07887006188857 1.08760884167149 1.11594282994121 1.11957948855984 0.976150439480472 1.07425479491769 1.08392815089257 1.06187201717004 1.05855916262069 1.08061605502536 1.02143637968616 1.0114054122193 1.02156364628006 1.10540925032718 0.956560511923417 1.07050503587666 1.00908497132986 1.05923485217018 1.04803655324354 1.07371219987374 1.06179624574475 1.05798097667566 1.06320084978294 1.08580020810917 1.11324223625093 1.13798453783083 0.985510444952353 1.04481715404339 1.0582564705197 1.03373873943915 1.08744945551834 1.06947403851591 1.13490337427915 1.14396244913627 1.08243070129799 1.1281536028366 1.09982065987204 1.1555361949831 1.10070612102978 1.07190716911182 1.04330755270326 1.02517472123393 1.1153164383295 0.999802709734435 1.01268925753993 1.04948797122861
"ne0017" 1.1017410817041 1.04505687285544 0.74781627918299 0.782147865508208 0.792213502846825 0 0.873948027401669 0.768844099482875 0.743213723030457 0.826325123790691 1.05128311297381 1.16208392304306 0.967489148077114 0.93988677792346 0.987650097357932 1.01829048348814 0.853977841417806 1.07266881818527 0.963823732170891 0.910517089536118 0.907562032067702 0.839916636449104 0.872895169165565 1.05388482575466 1.13521444272783 1.0620474300411 1.06737058240691 1.08301428923667 1.12147418995637 0.948171715540819 1.11492141439391 1.12302993824637 1.03679434245627 0.97126813234663 1.04266305610164 1.05645895716949 1.13746207991737 0.947961334819503 1.12705091153328 1.11419892840135 1.03383981936926 1.11213822261342 1.04622437999772 1.02576981896254 1.05335452405212 0.983808324130907 1.11524811759171 0.970776377830829 1.02557773360667 0.96261802437841 1.10461410319447 1.03395677491967 1.08805359245005 0.963509377062294 1.09269442406105 1.08284845267524 1.09249818220583 1.12578847667816 1.09305717719285 0.974745087153821 1.06783384210412 1.11592800959128 1.08744585739832 1.0725634817422 1.08370801590124 1.1194558101397 1.11406997852114 1.13894815037582 1.11280279460792 1.11489007821441 1.11666210991914 1.09106918788711 1.07771106155889 1.01535733584253 1.01517119061722 1.06831323540244 1.00152204022493 1.06477047215431 1.02261716396844
"ne0018" 1.05944850731711 1.01211876108525 0.756412756476713 0.753023543941888 0.709667733950259 0.873948027401669 0 0.807482819293147 0.82258197231222 0.819855706794188 0.984060001803418 1.06912208808667 0.95966070782253 0.906578051401627 0.957645519289529 0.96109473094286 0.946734007954502 0.999340841947106 0.972762404805088 0.965235168327279 0.973231172669874 1.00095847850815 0.987567681834623 1.0628163612244 1.04257439605063 1.03260753699536 1.0138105057495 0.985210789893931 1.07699608262567 1.02913121662598 1.11658738530212 1.05972344042006 0.96170483300357 1.04889504398601 1.09147251721234 1.08544223181604 1.13964951146312 0.99044898719127 1.06514671254593 1.04570440966977 1.04711670460217 1.08016800298083 1.07686942077406 1.02964925538974 1.02234753509896 1.04120785747317 1.06690157131445 1.00956567247667 1.07668048434892 1.00719438858056 1.07458235849465 1.02123043338501 1.07865799197926 1.00913701231129 1.09144925107615 1.06556377039524 1.05872823773699 1.07922095635305 1.1016231402022 1.0322088449368 1.08572477333512 1.05665659562985 1.07682918176411 1.1290452059872 1.08632208663862 1.09071709789356 1.0809414830136 1.03246263474908 1.09201305034783 1.04250150940174 1.097220112619 1.08047299603799 1.08204069575711 1.0468318127166 1.08490889553121 1.10414664206722 1.02867615238645 0.977716323493375 1.01084242225856
"ne0020" 1.11454968451163 1.07920216336297 0.794238500867445 0.82951039106819 0.834336428627233 0.768844099482875 0.807482819293147 0 0.717894072132953 0.781569413063305 1.0453790397633 1.12931068421397 0.918850764737028 0.864185105236258 0.895618146261095 0.941504491329907 0.911394587767062 1.07813854662464 0.999612886311842 0.945044991455813 0.95316244375346 0.904883076317131 0.891593560723164 1.05839001444435 1.11663161656496 1.08659775709164 1.08165362799437 1.03836310201878 1.10496680895171 1.01173439226886 1.04288251825422 1.05526719603191 1.07408636023209 1.0151312884371 1.03105923366252 1.06418216803836 1.12542792345289 0.968145648324562 1.1275468065988 1.10586034566693 1.06990745283843 1.09826592703301 1.08298496650662 1.03391625865168 1.0662579374648 1.0442177626624 1.07616983077719 1.01448443764552 1.02618823249667 0.960519755539035 1.10479350086002 1.08162814786697 1.07390584604539 1.0279258509803 1.03105356380686 1.04947741416921 1.04445427399884 1.09265032649574 1.06088964252536 1.00234339928505 1.0740473529087 1.09831830273664 1.07547138134371 1.06041177078717 1.0763593147028 1.08363489346085 1.09446175338893 1.08994871461461 1.08309006821061 1.07908689610046 1.0741059160421 1.05890827246956 1.03326943888217 1.00324336632067 1.0529712177952 1.06096284325174 1.03392396126937 1.02242111126081 1.06824346089903
"ne0021" 1.11895048320384 1.07676992918267 0.821896754821681 0.851431073264735 0.880539932813112 0.743213723030457 0.82258197231222 0.717894072132953 0 0.641911205249816 1.07819996329023 1.15172510897472 0.90914333036209 0.867380441741145 0.913380199258754 0.942291681001652 0.859292633336435 1.11086976672687 0.984293964115476 0.954536965777365 0.959908666257415 0.9035332840811 0.890045955532425 1.0587659839129 1.14804701940907 1.11039294850427 1.10092343584429 1.06740138003024 1.1000747318605 0.970694750080806 1.00822942847677 1.02757636026387 1.11831960707366 0.955638556416052 0.984230531681426 1.04031403008019 1.15475465598543 0.978639212088026 1.13247174414558 1.10979207504121 1.08769439521744 1.08356063017282 1.08223553143037 1.06406635229774 1.08990969474944 1.02132408843447 1.08539179539834 1.01125010497071 0.982095906667982 0.954858633655413 1.12186300662493 1.12728366529184 1.08273317576784 1.01079642915488 1.00321023096089 1.0194860514051 1.03905008199669 1.10969829380394 1.04534750532142 0.988015757758895 1.08375065347626 1.11772392365375 1.1018542036375 1.10297012950641 1.10326900884955 1.13838733555284 1.06101067335548 1.13575755066849 1.10217877453861 1.11485414731985 1.12029789799418 1.04534082756163 1.00109451161828 0.959354156226059 1.02942754930942 1.0039406749155 1.01110986170743 1.01459983509034 1.09435077055342
"ne0022" 1.09553331185487 1.04464752896118 0.812127604751772 0.89009048499259 0.867747688762355 0.826325123790691 0.819855706794188 0.781569413063305 0.641911205249816 0 1.03536348558549 1.12054652415903 0.897237750665916 0.889004469110882 0.919445760248839 0.927712625939755 0.899511831674425 1.08586494609749 0.976412201404081 0.947385359330257 0.990664469460258 0.941106521731888 0.94634534870343 1.0455283857029 1.11712785298315 1.08828139964389 1.04960520858057 1.03565320923925 1.07279610720907 0.963827991714315 0.993293916646894 1.02268862282498 1.07270775108131 0.965490390485067 1.01833634406806 1.01749962760956 1.13573001460843 0.985584714286412 1.12579198389311 1.09177280261065 1.06683040715254 1.08503992446467 1.07895696884138 1.06234783223107 1.08756718256941 1.05638723614304 1.07990245760589 1.05231088273552 1.00092824194383 0.967694754159524 1.1199517949988 1.10650607379287 1.07567301037674 1.00157893542987 1.02176042616255 1.04431154897107 1.01926618520448 1.07512435346523 1.05492949861751 1.01410159797261 1.07085495483114 1.07803828759527 1.08739024595572 1.10089703442383 1.08604170814814 1.10730063432619 1.06057223835714 1.10690444526844 1.10499039007995 1.08933137869078 1.09401863183799 1.05947320297529 1.01028335538213 0.997382312068928 1.05744265221196 1.03795829102355 1.04427494374748 1.0206144628773 1.0656632858275
"ne0026" 0.967065591145558 0.744274030334593 0.989193814703969 1.03016195219594 1.00022068470059 1.05128311297381 0.984060001803418 1.0453790397633 1.07819996329023 1.03536348558549 0 0.976973562804058 1.08695507074721 1.07498354178287 1.10304411149622 1.05735684076139 1.08787488009618 0.907632432665203 0.963313283067886 1.01151521926873 1.00615277658826 1.06492560144591 1.04529444775405 1.02816541197221 0.95126536084096 0.974938222533427 1.004155016244 0.961634824264979 0.996436383984958 1.03632360094954 1.0905207906706 1.08610461437975 0.899056160790292 1.09598583787537 1.08611907382275 1.06648288382576 1.04596036677825 0.959869946308134 0.968076612089472 0.888096723755781 1.04815753065021 0.983907315136986 0.996324046516219 0.983304195987395 0.967496537418858 0.979093315246309 0.954870734546369 1.01133615184571 1.07149994174688 1.02348072618411 0.946192232206989 0.980491405952219 0.958257991703026 1.06341188066385 1.0175019934356 1.00959818407031 1.05790497834089 1.06193409135949 1.08173503567504 1.0294300540535 0.997421909286525 0.961131544429029 1.02179235025658 1.059344093139 1.05277508946157 0.997053713983334 1.04689163251239 0.973667404459647 1.03744460592882 1.05391434852898 1.01593540082348 1.06271889545712 1.04114212599537 1.04108747377055 1.00893068537277 1.02780440783319 0.961397613937164 0.938208525886706 0.980873126053508
"ne0029" 0.932918662770933 0.907967227911449 1.09280133905111 1.13421001629379 1.11283921915794 1.16208392304306 1.06912208808667 1.12931068421397 1.15172510897472 1.12054652415903 0.976973562804058 0 1.04338444610892 1.00629267596782 1.0261707110004 1.04321870463425 1.16281370797923 0.952997474442732 1.10395961474128 1.12852417026065 1.11014730574655 1.18939446546516 1.1841021992752 0.859053553281178 0.829898532430226 0.930905415850634 0.914804357598655 1.00176354509681 0.943163928760497 1.03725533824793 1.05306401408994 0.970464657282601 0.957310112170085 1.08065191983703 1.07710762436513 1.01440949493194 0.963186710059614 1.07754633598694 0.796081249496799 0.843939170416093 1.03038590749948 1.09414759027652 0.959423456959375 1.00956396418895 0.931543779982133 1.00048782758659 0.866437930477727 1.09642297238348 1.10092502125941 0.972460568856802 0.961422089375754 1.00896045559732 0.944854208966354 1.01235972478529 1.02680950188198 1.03934285468617 0.984857977589477 0.927488376074278 1.01014108314494 1.14288730984721 1.1159343730335 1.02881307255791 1.09075030702753 1.05455804052082 1.08644326348914 0.754200989540566 0.794635682452224 0.743170050658824 0.81166155580694 0.736207525829397 0.753683346977181 0.897943326696741 1.05551041781559 1.0149263667192 1.01062459533054 1.02601160807645 0.951712657261556 0.895425612044055 0.98409701860537
"ne0030" 1.02966849614427 1.0891023453363 0.997474465733859 0.959085660384119 0.980445067156475 0.967489148077114 0.95966070782253 0.918850764737028 0.90914333036209 0.897237750665916 1.08695507074721 1.04338444610892 0 0.693089067676755 0.656342324395487 0.721693696960414 0.928525662893236 1.0755002288303 1.05011434222146 1.02884998381456 1.05181040318703 0.980694188081783 0.961079772715039 1.00505153186723 0.994858491848469 1.01967593832576 0.985410874067668 1.00356142569641 1.09087885429842 1.02228387258744 1.01414985640409 1.0551890027013 1.1039694073515 0.994265904407973 1.028887911705 1.00755571952406 1.02131108151083 1.04142906177978 1.01702900656109 1.07694979820517 0.997794885697906 1.0632107715153 1.06207191509583 1.07124037394887 1.06426535238899 1.03097327815953 1.03359997106843 1.02533253418922 1.01067777798179 1.01463520030441 1.00181490763046 1.0410198449917 1.0705322859273 0.99669783949509 1.06045898480476 1.06972185396422 1.02116612812656 1.02277583431958 1.02542109800745 1.05766593682248 1.07939984366251 1.05562754354847 1.07444065708499 1.07962055205908 1.09131277916547 0.967587440034711 1.03572897481055 0.988750342628065 0.997985974970845 0.984924401153893 0.990327083182293 0.984759487711541 1.02777842746668 1.0814063213003 1.09273349095722 1.08900694543815 1.07424391980474 1.04274672421829 1.04046986178039
"ne0033" 1.05093193496913 1.07157219873171 0.956041841418664 0.96496384504651 0.975626583796128 0.93988677792346 0.906578051401627 0.864185105236258 0.867380441741145 0.889004469110882 1.07498354178287 1.00629267596782 0.693089067676755 0 0.493663993022361 0.693193642349589 0.974227043724761 1.08938835450859 1.0578317582434 1.01201748400629 1.04880402540018 0.982095113615081 0.975206007842069 0.956150539313699 1.00899525049381 1.02492989323091 0.985414469977459 1.01178826864191 1.07148501871504 1.06628358950907 1.05904069229082 1.06722874646102 1.10779673871315 1.01697991907148 1.0496825801126 1.01692532263297 1.10394218393835 1.05320641588788 1.01247685075942 1.02432241163011 1.02781742350658 1.14340977833775 1.06634058976107 1.05627920711508 1.08832992942398 1.02956384430795 0.983881479037645 1.03050749152014 1.05073138091688 0.993676181969603 1.01226895434163 1.06036883038382 1.06752580315747 0.9355196594582 1.05499721116824 1.07216496498627 1.03493491525084 1.00734817144689 1.00413493574594 1.1154799793771 1.12304389561966 1.09570643476152 1.10288624263207 1.12083331759888 1.13812140627888 0.95344290489007 1.02076153854184 0.959187991265651 0.942545576676523 0.919487869887469 0.991113612137186 1.02336285798705 1.07495893729328 1.07752064529684 1.09270847539119 1.07625250624063 1.05833639589537 1.00060402158076 0.997210213450024
"ne0035" 1.05928900335118 1.10947961268497 1.009314813074 1.00612019662089 1.01248402507005 0.987650097357932 0.957645519289529 0.895618146261095 0.913380199258754 0.919445760248839 1.10304411149622 1.0261707110004 0.656342324395487 0.493663993022361 0 0.589545078506164 0.980135055234563 1.09641161553667 1.07102697120902 1.03461702904075 1.06182000480981 0.995616237996902 1.00336548494021 0.974058410400068 0.97769127503016 1.04221451124034 0.985233326777708 0.973431193992949 1.07352250702584 1.02920782186779 0.98656689558775 1.03990723860989 1.13697279770537 1.02132049797779 1.04039994249344 0.997660139865521 1.04032173021366 1.06847112027836 0.993623452520998 1.03996186889035 1.02882963688833 1.1353738978281 1.06376469634026 1.08638515884676 1.07101875238315 1.06362946245972 0.979187803619772 1.04087730424763 1.02532956095207 1.00580778664031 1.00748004830871 1.07718664665291 1.0576509065395 0.956047097517175 1.02619748564889 1.04984907208162 0.995085621086693 0.957868403017745 1.00945992149582 1.11288786319672 1.12684176627119 1.09028369573681 1.08047304050884 1.08809994904064 1.12961747013049 0.911175504288712 0.986420408238807 0.9355058048093 0.902259375332788 0.908870765972977 0.968481708518246 1.00067395241402 1.05820630851365 1.09305918301177 1.10743732391376 1.06584628796033 1.07838731574828 1.03997321368308 1.00290767051514
"ne0036" 1.03146577791579 1.05215326023856 1.00865972356634 0.989165063981291 1.03690271242615 1.01829048348814 0.96109473094286 0.941504491329907 0.942291681001652 0.927712625939755 1.05735684076139 1.04321870463425 0.721693696960414 0.693193642349589 0.589545078506164 0 0.984365578793966 1.05347395017814 1.06421565257032 1.05608536673064 1.069276370778 1.03025011616331 1.01521901359222 0.991522901716527 0.967057620190236 1.02918338334516 0.97581131699016 0.948022264611904 1.0329899159246 1.04690693181675 0.993282212683155 1.04481951268657 1.08914044381769 1.02431635083018 1.04232115568256 0.970929676827677 1.06357102846522 1.05873330207185 1.02667051634239 1.0435779460383 0.972164598018832 1.09516123646629 1.05655372769244 1.08172994580213 1.08146198293265 1.05534067497418 0.982246178375501 1.03514156164452 1.01428456696109 1.03121059734866 0.988737771434865 1.02950628562606 1.07542589828142 0.981729128683594 1.04189074721139 1.04256028660985 1.01450196062894 0.968988624020003 0.989360268426158 1.08684619089083 1.07074630749842 1.06884898984594 1.08440110606975 1.08029092127244 1.09759584522644 0.930655058331705 1.01681334717998 0.949473025087385 0.98785464735572 0.964106214364772 0.977847640000301 1.00683619565911 0.999936350606915 1.08234621944633 1.09485955158407 1.07230155482363 1.08703938341067 1.01643483572745 1.01548411797969
"ne0037" 1.04873449474241 1.07900518248288 0.936609728319701 0.89162497670656 0.956170229737605 0.853977841417806 0.946734007954502 0.911394587767062 0.859292633336435 0.899511831674425 1.08787488009618 1.16281370797923 0.928525662893236 0.974227043724761 0.980135055234563 0.984365578793966 0 1.06034321310104 1.00774236990469 1.00934665827839 0.985550541565196 0.893985170408248 0.935363736092769 1.07913377471898 1.12013407398246 1.06292239019785 1.0351980420481 1.07795352179674 1.07834695213766 0.962677660330481 1.05770234301449 1.05122863358595 1.05446887246277 0.750933738732884 0.956385734591883 0.962524710964791 1.04509217203815 1.02302660055536 1.11645962289377 1.15038963856863 0.93390949487383 0.991218600455153 1.04966675893366 1.0350319604554 1.06653107494923 1.0210266342255 1.13421279124327 0.987991979156221 0.890378665620817 1.03739328556089 1.09474377747716 0.975762481983892 1.11098199563583 0.960077410031256 1.09403800700236 1.04822465598128 1.08095009969209 1.096246385976 1.06114858282819 0.932860285681942 1.02330066074229 1.06579974798332 1.05996279673158 1.06195313562963 1.05299904676683 1.12932883178957 1.08359597597679 1.10191990870306 1.09719075849992 1.10717273123481 1.12610603927669 1.02848325644585 1.0346579171265 1.08569025129852 1.00288589365126 1.06449173297749 1.06666205172442 1.11214378754644 1.04223056847099
"ne0040" 0.926606489650545 0.93134201282595 0.999795434052579 0.998040818698487 1.00222273240367 1.07266881818527 0.999340841947106 1.07813854662464 1.11086976672687 1.08586494609749 0.907632432665203 0.952997474442732 1.0755002288303 1.08938835450859 1.09641161553667 1.05347395017814 1.06034321310104 0 0.905919442434728 0.947452854520137 0.956961245320342 1.02244897430771 1.00387886754593 1.02935689828937 0.936859944549056 0.913039344556904 0.943660989659784 0.953720518370963 0.993302414757788 1.04708881821727 1.10309280066942 1.08036698357731 0.87219529047562 1.06716349466601 1.10280942971248 1.06583152765172 1.03096858421223 1.0013447474631 0.979494750971013 0.944870240618325 0.964382441732542 1.03615651157042 1.02962095360093 0.999011868234059 0.950080812929661 1.00211854535044 0.942681091738343 0.976845111434427 1.0770613848525 1.04208045775505 0.947362966952511 0.929665798337817 1.02022846880433 1.01431694071915 1.05615591534854 1.04232290319436 1.05825122540921 1.03153358838183 1.07163944756093 1.01914446025663 1.04643744460938 1.02174603117678 1.05191308298146 1.07825378032643 1.05917151929519 0.993263359217865 1.05761568180759 0.886159088549756 1.03810090293953 0.944006387783355 1.01458330906405 1.03411113807606 1.08840222754474 1.09253394735471 1.06098213202215 1.07044635267007 0.95895990438617 0.972634859435894 0.950989942277696
"ne0045" 1.01423511440396 1.02459410349276 0.923090261780616 0.96768858698287 0.91749660902171 0.963823732170891 0.972762404805088 0.999612886311842 0.984293964115476 0.976412201404081 0.963313283067886 1.10395961474128 1.05011434222146 1.0578317582434 1.07102697120902 1.06421565257032 1.00774236990469 0.905919442434728 0 0.649965228268191 0.706596693219095 0.801037073641906 0.799067132994469 1.07346324769304 1.06115835215975 0.979553661654595 1.03343440935569 1.04176865303328 1.03861749796875 1.02333298516964 1.08889061747427 1.08521185688978 1.02234341751139 1.07733871864894 1.09644253166514 1.10183972420422 1.13065728644085 0.956713276666277 1.09873497356688 1.02955366320843 1.01386347761623 1.04822927261754 1.01230860149678 1.0074600707761 1.01407008183117 1.0214915890186 1.04787471223449 0.943618573042084 1.08113339832098 1.05757868361566 1.02258924279133 0.976490473241818 0.965151349633822 1.05110130293305 1.01889656433979 1.02142589514153 1.10067788883727 1.09978581833459 1.06730877083606 1.02538573938773 1.06102970788254 1.05719130093163 1.04526672264927 1.07768636875395 1.06268031454746 1.09434235611107 1.08685032765808 1.06342634524861 1.09709219005459 1.08373332783435 1.07461144758566 1.07413394778397 1.06682993100227 1.04133823982105 1.03243366874413 1.03648601771336 1.02794022836289 1.00670528647783 0.996268941889635
"ne0048" 1.05934699583031 1.03480220356871 0.892020425667117 0.911948265953396 0.917997871931752 0.910517089536118 0.965235168327279 0.945044991455813 0.954536965777365 0.947385359330257 1.01151521926873 1.12852417026065 1.02884998381456 1.01201748400629 1.03461702904075 1.05608536673064 1.00934665827839 0.947452854520137 0.649965228268191 0 0.541503130991142 0.646527623566705 0.653516456198903 1.05423201435128 1.10394336736427 0.991390041828371 1.05489649318451 1.04401943722225 1.06671184179016 1.0035152689154 1.10963465611969 1.12312569451365 1.0453896321403 1.07646897052484 1.08686409143708 1.11020681793972 1.14039100813912 0.943242468466703 1.09950851689258 1.0344843349946 1.04090454294131 1.09113265241229 1.01456152850361 1.0103474742706 1.02528841938403 0.999747109781716 1.07379241290211 0.932602787068309 1.04823408227909 1.0016020884319 1.02160793521914 1.01482346603659 0.996347413331509 1.05766892677364 1.06185668418865 1.05613589594682 1.10913261023994 1.1410520937543 1.11053532443614 0.99743771811793 1.04967995740261 1.09480473189149 1.04580441795058 1.07817407874965 1.07611676774399 1.12925244198469 1.10672659738068 1.1112287108913 1.08599964323028 1.11491672141975 1.09309437672243 1.0648920909205 1.05890065647275 1.03284276580324 1.02697278297477 1.06241451451656 0.990156743866141 1.02142080142503 1.02611615912385
"ne0053" 1.02542444306591 1.01649305157711 0.900970741650143 0.927930304974865 0.941228038686994 0.907562032067702 0.973231172669874 0.95316244375346 0.959908666257415 0.990664469460258 1.00615277658826 1.11014730574655 1.05181040318703 1.04880402540018 1.06182000480981 1.069276370778 0.985550541565196 0.956961245320342 0.706596693219095 0.541503130991142 0 0.684582685115209 0.698858350756562 1.06516980623874 1.08555675556492 1.02921553041899 1.05791306375697 1.08208442235453 1.08603604626839 1.00720573818054 1.11012995066889 1.12073575517398 1.02415888287695 1.0638233101656 1.07674614173339 1.09331333909967 1.11681107089489 0.944949174833675 1.08302866188405 1.05298772373544 1.05681678444172 1.05164914358294 0.970817252762734 0.988179125750919 1.02806343315683 1.00140569270814 1.07351893550473 0.935629964293802 1.02034869979446 1.03626578194571 1.03618693578028 1.00786497893759 0.994377344074342 1.05333273092534 1.06177026381803 1.0503001172508 1.12931801710638 1.13167070822987 1.12292966934254 0.983169088187156 1.04063785756237 1.06986940912371 1.05408592737116 1.06827346039218 1.06783190081525 1.12608648105407 1.0910735725743 1.08615350821109 1.07959033941321 1.10898280764963 1.0755115966352 1.04533102339758 1.03973822719291 1.03032242956161 1.00217217187388 1.0789597633696 1.00106410612144 1.04321655648685 1.01331906819975
"ne0054" 1.07079054120714 1.09444045082863 0.918940633531116 0.8998347649861 0.931954170560879 0.839916636449104 1.00095847850815 0.904883076317131 0.9035332840811 0.941106521731888 1.06492560144591 1.18939446546516 0.980694188081783 0.982095113615081 0.995616237996902 1.03025011616331 0.893985170408248 1.02244897430771 0.801037073641906 0.646527623566705 0.684582685115209 0 0.347048726862247 1.08635217726052 1.14052126447748 1.06079403269926 1.05380281025664 1.05921368574459 1.15672313290342 0.986359833273364 1.09040209878103 1.11860134556657 1.07019510800856 0.99625345542675 1.01801604695438 1.09460680212429 1.05614691301064 0.976106562332933 1.11773217794071 1.15063112131431 1.03973301958083 1.09610461909191 1.06503922231021 1.07262124736049 1.08856269853365 0.972729740693177 1.14268153416845 0.846243357772253 0.978239251468122 1.01306462241449 1.06490793048506 1.01265186834405 1.08048900387709 1.01904774462679 1.11301412244147 1.10831487764496 1.09705434184719 1.13030593271302 1.12783401941769 0.830809830356127 1.03831241874016 1.11873077282945 1.01921349197489 1.02054183482732 1.03366643758749 1.16430497608879 1.10471064547673 1.13403836616696 1.08526197502303 1.08916815758825 1.11628073053077 1.02400565925238 1.07652760047151 1.04103798795201 1.01104336849971 1.10495063543973 1.04609726301232 1.08281687556748 1.05098300436909
"ne0055" 1.04082578317688 1.05977731501364 0.919440366873423 0.896088328407734 0.924099231479746 0.872895169165565 0.987567681834623 0.891593560723164 0.890045955532425 0.94634534870343 1.04529444775405 1.1841021992752 0.961079772715039 0.975206007842069 1.00336548494021 1.01521901359222 0.935363736092769 1.00387886754593 0.799067132994469 0.653516456198903 0.698858350756562 0.347048726862247 0 1.08693020889198 1.13651186653391 1.04844610419273 1.03301194231579 1.02245040206592 1.14246475560587 0.989734049122794 1.08996273397246 1.11521541527087 1.06056741624074 1.02835838555241 1.04041520668432 1.10950676403694 1.06104397765705 0.97543302515956 1.12387834001716 1.12901491499805 1.06822104637882 1.07243632585467 1.06851048876661 1.04756833996328 1.07274155660449 0.977989089633816 1.1224585501141 0.881083474383178 0.992191195043949 0.995521134080147 1.03844065174108 1.01650203798172 1.05101719664678 1.05442494810608 1.10127675046458 1.0930458433465 1.10008125437884 1.1426501631049 1.1272724377687 0.861174684071736 1.03375261987378 1.10203337669386 1.03499404741503 1.05426404038953 1.05283856347199 1.15753345918088 1.12530211046346 1.14453602350876 1.10051791157172 1.11591655655228 1.11803840338298 1.04894085623946 1.04081552292043 1.01520173825851 1.01038823803485 1.11480527120305 1.06730792879161 1.06530589028391 1.0755444508452
"ne0079" 0.986837767308059 0.955610062734788 1.0578628416133 1.06324618747289 1.08591077272442 1.05388482575466 1.0628163612244 1.05839001444435 1.0587659839129 1.0455283857029 1.02816541197221 0.859053553281178 1.00505153186723 0.956150539313699 0.974058410400068 0.991522901716527 1.07913377471898 1.02935689828937 1.07346324769304 1.05423201435128 1.06516980623874 1.08635217726052 1.08693020889198 0 0.803998639364574 0.873413617377356 0.868020265104205 0.934529446180675 0.988813354863075 1.0665272731055 1.09466933604226 1.04188701457137 1.02082250414279 0.972158654571928 1.06142470878509 0.972579675656224 1.04747378694072 1.02861343280653 0.935475917711753 0.86883910289973 0.922137598724951 1.12543387439471 0.96029051032697 0.981259911120502 0.961261927386326 0.927516215304015 0.924571336829439 1.07027282709909 1.04640177090597 0.935677542573483 0.937019994462235 1.03950005048167 0.964484687384777 0.985325773739999 0.992297118783887 1.01266726914769 1.06468528446352 1.03953473461212 0.990498745114232 1.1313431067143 1.0943298386632 1.08087799317807 1.11653250598604 1.10871790853032 1.12187871366309 0.930201336586486 0.942351517076942 0.967941215542634 0.951423642270216 0.90901552336301 0.906135003312981 1.0054654548315 1.05655535418746 1.06829986029509 1.01538692357627 0.983078424840905 0.929019341989782 0.899866779830268 0.964496560699844
"ne0081" 0.929921821669754 0.936425826659008 1.12581991908915 1.10071078655497 1.09681135700209 1.13521444272783 1.04257439605063 1.11663161656496 1.14804701940907 1.11712785298315 0.95126536084096 0.829898532430226 0.994858491848469 1.00899525049381 0.97769127503016 0.967057620190236 1.12013407398246 0.936859944549056 1.06115835215975 1.10394336736427 1.08555675556492 1.14052126447748 1.13651186653391 0.803998639364574 0 0.808958556634077 0.788827046863176 0.824694545637816 0.980515885646917 1.08124156310117 1.11671674029012 1.08645627595057 0.928554310778659 1.03859425194059 1.05659161760271 0.966548835146604 0.957942880324494 1.03852539976222 0.861416781694513 0.851857230922366 0.943695594204515 1.07729050748621 1.00944071116471 1.02401878813606 0.924544446498267 1.00097206657026 0.878357042894091 1.06042160296194 1.11781106544184 1.00807413304097 0.934543886750968 0.912411203781654 0.975265549956614 1.0055232442284 1.05467698164106 1.07980198755473 1.06760765578759 0.996431126926489 1.00067261667766 1.13742739409596 1.11072050564608 1.02865295236252 1.09248451358851 1.08355757284758 1.08845233152762 0.846077573661946 0.93688153511207 0.812480125698713 0.9051423731493 0.866495729574443 0.880922337213484 1.00761001618328 1.07287853855058 1.07700566574681 1.07943655581411 1.01263724224456 0.968882893263957 0.976259963322297 0.921631619933007
"ne0084" 0.902117678636706 0.942333440662596 1.0443168902901 1.02767778171026 1.043116392611 1.0620474300411 1.03260753699536 1.08659775709164 1.11039294850427 1.08828139964389 0.974938222533427 0.930905415850634 1.01967593832576 1.02492989323091 1.04221451124034 1.02918338334516 1.06292239019785 0.913039344556904 0.979553661654595 0.991390041828371 1.02921553041899 1.06079403269926 1.04844610419273 0.873413617377356 0.808958556634077 0 0.735982375698338 0.839965422715135 0.954280562133762 1.05663816568457 1.15721799515821 1.11769229606134 0.93860239323088 1.00796825227514 1.08890960042947 1.0103753393463 1.0255162240496 0.999735486641967 0.97939910639717 0.933217194570242 0.923536188557731 1.05478199191919 0.984221060089545 1.01113802108754 0.959098349116077 0.981143004271373 0.935626250071647 1.01469785458872 1.08601819144494 1.00449211161364 0.917504811549122 0.919421741881142 1.00874120545966 0.964671916427471 1.04960681531567 1.04829148864454 1.10987921581658 1.06236957710509 1.0480693672373 1.04128006100847 1.05260376330619 1.01414355297856 1.07027777124788 1.08353239639448 1.10544614595833 0.948587776833425 1.01451399064917 0.928556583172932 1.00599223229997 0.963090085519447 0.957607939602944 1.04429906395979 1.0962083425346 1.10405972175629 1.04338632039505 1.03340261411817 0.980143227928549 1.02317454810065 0.920021417693461
"ne0085" 0.932717903495671 0.959819684486549 1.05127277114684 1.02191231232099 1.04467628847938 1.06737058240691 1.0138105057495 1.08165362799437 1.10092343584429 1.04960520858057 1.004155016244 0.914804357598655 0.985410874067668 0.985414469977459 0.985233326777708 0.97581131699016 1.0351980420481 0.943660989659784 1.03343440935569 1.05489649318451 1.05791306375697 1.05380281025664 1.03301194231579 0.868020265104205 0.788827046863176 0.735982375698338 0 0.834786728255215 0.997909920690529 1.0630487582172 1.15253964521085 1.09671437752371 0.921707686603084 0.953374078371673 1.07890193596062 0.971319687266515 0.99187759429243 1.013122380795 0.966478194635378 0.938646836212837 0.884236156316545 1.08957399484573 1.04544480315845 1.0311984670436 0.940269772985138 0.976979787288288 0.924226312196123 1.01352418468032 1.08494769703438 1.01116639437394 0.925402707373522 0.913594552314676 1.04280571292298 0.939981147817793 1.10064687241124 1.0983586553312 1.07682557292698 1.06998517827034 1.04747369282778 1.09082209027095 1.06835273646155 1.04121866868639 1.10253213809398 1.10634462621322 1.11498811259123 0.942555607506473 0.99322040827415 0.893444368289572 1.009491872928 0.948675635527912 0.969445908528693 1.03827914462501 1.09987077842461 1.10599920814501 1.06998309719646 1.07553982254717 0.999677831665775 1.02529939640157 0.891182686444762
"ne0107" 0.935060332803498 0.931214317495552 1.03584094754817 1.03285135247591 1.0023336010557 1.08301428923667 0.985210789893931 1.03836310201878 1.06740138003024 1.03565320923925 0.961634824264979 1.00176354509681 1.00356142569641 1.01178826864191 0.973431193992949 0.948022264611904 1.07795352179674 0.953720518370963 1.04176865303328 1.04401943722225 1.08208442235453 1.05921368574459 1.02245040206592 0.934529446180675 0.824694545637816 0.839965422715135 0.834786728255215 0 1.06911091415717 1.05546414416133 1.04349608291468 1.03556014385016 0.875537109345343 1.04076576509019 1.05992438703617 1.03685980696988 0.994343982972706 0.999612845389268 0.982096033415312 0.961532045134659 1.01980269781077 1.00383343353387 1.06716841094598 1.03288859622542 0.991912022949266 1.00254174087485 0.974623043801946 1.01556775948131 1.09211837236224 0.983642033109347 0.98074003710458 0.948939282838243 1.02611516035504 1.04999099547234 1.07908068997746 1.11355460457109 1.02817930231636 1.02611420590532 1.08763664585044 1.03370553537246 1.00236719034849 1.00339188175282 1.01003983068915 1.0433651060049 1.03073879850214 0.948501129615866 1.01273196614545 0.922677349184092 1.02036951185406 0.975215935438939 0.99933501724627 1.01127277872669 1.01472570866173 1.01736328366144 1.02225584050285 1.0723241190696 1.00528889752136 0.988561332724747 1.01130123604508
"ne0110" 0.960531401853115 1.00319404702905 1.06659433172873 1.09693696058411 1.09409999469883 1.12147418995637 1.07699608262567 1.10496680895171 1.1000747318605 1.07279610720907 0.996436383984958 0.943163928760497 1.09087885429842 1.07148501871504 1.07352250702584 1.0329899159246 1.07834695213766 0.993302414757788 1.03861749796875 1.06671184179016 1.08603604626839 1.15672313290342 1.14246475560587 0.988813354863075 0.980515885646917 0.954280562133762 0.997909920690529 1.06911091415717 0 1.08074280098805 0.962925836354292 0.907757621300832 1.01181800411147 1.0414846838623 1.02698213479388 0.950867041507748 1.0236966546573 1.04354025063539 1.0685897756618 0.969898049098652 0.990256290990241 1.03106523107816 0.949391237291904 0.961132938938175 0.975284587603729 1.05520718449721 0.934292423669916 1.05618988933849 1.00868793075589 1.07558743856481 0.941601460113554 1.01459583154815 1.01174058678959 0.861981734812922 0.837506778593685 0.803478770135274 0.883411277771498 0.877502103131209 0.740859693371451 1.10417172529917 1.0382520765254 1.02336656282936 1.05382208927924 1.04703377817128 1.05050980849574 0.992515466278316 1.01257300078522 1.00015436978078 1.03826668505478 1.04673149296085 1.0033968513034 1.06935636080406 0.964615750563368 0.986457138831398 1.05612171338808 0.788818183206526 1.04391650685701 0.986131924697181 0.996427310864302
