"tc0085" "tc0086" "tc0089" "tc0091" "tc0093" "tc0094" "tc0095" "tc0100" "tc0101" "tc0102" "tc0104" "tc0163" "tc0164" "tc0165" "tc0173" "tc0179" "tc0180" "tc0181" "tc0182" "tc0186" "tc0188" "tc0190" "tc0191" "tc0193" "tc0196" "tc0199" "tc0200" "tc0201" "tc0206" "tc0208" "tc0209" "tc0211" "tc0212" "tc0213" "tc0214" "tc0215" "tc0217" "tc0218" "tc0221" "tc0222" "tc0224" "tc0225" "tc0228" "tc0381" "tc0385" "tc0386" "tc0387" "tc0554" "tc0557" "tc0558" "tc0560" "tc0561" "tc0563" "tc0565" "tc0571" "tc0574" "tc0576" "tc0581" "tc0636" "tc0637" "tc0643" "tc0650" "tc0652" "tc0654" "tc0655" "tc0656" "tc0659" "tc0661" "tc0663" "tc0665" "tc0722" "tc0723" "tc0726" "tc0727" "tc0729" "tc0730" "tc0753" "tc0754" "tc0755" "tc0756"
"tc0085" 0 1.01523844514335 0.993996444806921 1.03200446000019 0.967157391850258 0.983672941384425 0.987713623870572 0.979906434868939 0.981668292886354 1.00264401105746 0.970272494423776 0.9786736419342 1.01824741283284 0.964371030820592 0.995843868966008 1.05353855175822 1.00856227230833 1.0185790012067 0.990561455207019 0.967814170640118 0.978211756159915 0.958119346318527 1.07088497545148 0.925908105492821 1.00797091011794 1.02304883317298 0.90024760680004 0.959895796194196 0.997715746891966 1.03804077119215 0.969469508845162 1.03832101340927 1.01033928395187 1.00969322208369 1.07103450338026 1.03883620826923 0.941140292558938 1.02824152406334 0.953367241110577 0.915269813363045 0.942780833518276 0.933965450706417 0.95839942630993 1.0473936549011 1.03923620096736 1.03444585088619 1.0063242652659 1.0999937961134 0.974117526761358 1.08623436328729 1.06550863267768 1.09005802324974 1.04871120758461 1.09004059652778 1.09667735879885 1.04962763898804 1.1052733906344 1.06359104872226 0.985420809664374 0.925073368549527 1.03253593669974 0.958334766581346 0.950450892093412 0.96610539297673 0.944606774283472 0.930368615364249 0.991599111646256 0.995509216065337 1.08929607940945 0.996060820915259 1.05867739978052 1.05891530883919 1.04830561307653 1.07365782794776 1.07846210246166 0.98796297727637 1.05414366550205 1.05997164147879 1.06146990960534 1.10274429832889
"tc0086" 1.01523844514335 0 0.919911532999734 0.944425796729536 1.08207774249442 1.04310755972768 1.04628413392651 1.04364651688582 1.06415211344 1.06880079391045 1.03758819098263 1.01805680652269 1.03667201207091 1.03577976435186 1.04917669027925 0.96606738100603 1.04756376526932 1.05046404194171 1.05274706442209 1.04064329672691 1.05979765166411 1.06346524939101 0.9611113551829 1.04335213422541 1.05013362962183 0.944661055439285 1.05095080796312 1.0560954391515 1.00908504080995 0.944825666886219 1.05830218230449 0.974034333262408 0.989399894824552 0.975645660884934 0.972341889730479 0.983479500898549 1.01814392346481 0.981968759911398 1.02918729646529 1.06627642053263 1.05242970324936 1.05316758574877 1.05498354541695 1.03974403013229 1.05794431037683 1.0560683040418 1.04036064290572 0.992301800259439 1.02714485425991 0.988168839010315 0.9287523110619 0.967667147737615 0.978263562582813 1.00267667915491 0.971561017939084 0.958056261068206 0.981592503346369 0.939624732047848 1.03897341807276 1.03836425597728 0.980438470747773 1.06667747779027 1.07067347600174 1.04626465219647 1.05074506975081 1.04942857536772 1.04464872163761 1.07308082261473 0.951423892522129 1.06605454550119 0.988069937740429 0.958360859861505 0.95763322842985 0.948184688248311 0.956585689987742 1.05536658864927 1.03056730023899 1.03723077440783 1.03501473096557 0.952762441151865
"tc0089" 0.993996444806921 0.919911532999734 0 0.950111643945728 1.05396665582525 1.03038398777431 1.03566961418562 1.07218669281062 1.03140981826896 1.05970258278609 1.03459946247498 1.03596892345915 1.04236052280004 1.05767539406291 1.01898380400408 0.9776991893904 1.05703319843854 1.04273441134231 1.00953005030818 1.03649219339375 1.0469110088489 1.07235151713711 0.974557214379743 1.05140251737791 1.05004336289206 0.966241038143486 1.02740034690789 1.0166806225985 1.00447246902625 0.957356968305859 1.03127643529102 0.960909250649933 0.966295461388047 0.944608324601465 0.983173473614929 0.987697922759103 1.00144998128529 1.016923384844 1.05051684665713 1.03257004020822 1.06426613081587 1.05312613720865 1.03265557921178 1.04776219540311 1.03408207043935 1.04565244023479 1.01658382089814 1.0073990154991 1.04877078110531 1.00442243634847 0.979669724858021 0.948113256062454 1.02556162596593 1.00500288989861 0.964509865692875 1.02165564577261 1.0039747165951 1.006190315175 1.01650256943637 1.01944082809789 0.978859729473537 1.06025522091696 1.04971714679838 1.04914798392812 1.0213589270045 1.0338408318212 1.06096977634472 1.03793992009113 0.984637121892142 1.06018085057493 0.980343074077874 0.949319799211899 0.946225336428542 0.962094022054477 0.945408842592767 1.0181666061741 1.03611308190418 1.02537933223712 1.02817883797267 0.95221922527316
"tc0091" 1.03200446000019 0.944425796729536 0.950111643945728 0 1.10387380877672 1.02411260023772 1.0667700163597 1.0846451073964 1.06639478401287 1.09818419943724 1.05067800316617 1.0538357199015 1.06789109174169 1.06568487429835 1.05451228933437 0.950890440973938 1.09226091710928 1.06889361471883 1.05418608956568 1.0705025024184 1.05085553553318 1.07570244984397 0.960382170913739 1.07083259227277 1.08083138035255 0.953881178573588 1.03727354923767 1.06473235673477 1.04239608909899 0.902895453320854 1.07094174332569 0.92544909886406 0.996931274921494 0.943637647975805 0.924614927651837 0.937118798922863 1.03977442780153 0.969202922972581 1.06891504473566 1.08559949142672 1.08172157515593 1.07306707706321 1.08074336507049 1.08089684521314 1.06290510592722 1.03413656552986 1.03797730289925 0.832149487943517 1.06659400089034 0.929835393758278 0.949511783629071 0.962174893331843 0.965739968598203 0.921395290433214 0.906861464742584 0.951787655549459 0.908379152144621 0.955911759370803 1.0421649685287 1.06918272533454 0.944002109277766 1.09579962037338 1.06980650021143 1.06857877865588 1.06396711078194 1.070486862013 1.09516493028961 1.08564921265937 0.931332454831633 1.07374476946451 1.01753784811184 0.942014425361283 0.957009704565619 0.936089016750202 0.927854108542992 1.04592325273532 1.04509272034989 1.00457566993589 1.02779132667613 0.929880103731781
"tc0093" 0.967157391850258 1.08207774249442 1.05396665582525 1.10387380877672 0 0.936297970723687 0.901441167455013 0.943095038515903 0.949212240110269 0.88815219983217 0.968930397727932 1.05834086595664 0.960031701886586 0.984379085038738 1.01024372877363 1.11777582901811 0.951871567070107 1.01939224607573 0.969052076183298 0.991726786433164 0.956670072569553 0.98147269028064 1.14946453706343 1.02989567529267 0.959123749505163 1.12985868769413 0.978845819858012 1.00695416852744 0.996275917054088 1.10781591866633 1.0195533865676 1.10961839397412 1.08777729888286 1.11523858097082 1.11985706753461 1.11375272184795 1.01596381125382 1.08761870824284 1.01060738513099 0.923268231241798 0.967306119607396 0.976966543353596 0.99349602802602 0.950501649101403 0.958961030689556 0.996459956405072 0.996649944498294 1.10723413993403 1.00814459970147 1.11290484439432 1.0766988464936 1.11184542556166 1.07350178564502 1.09581617120139 1.12671221809968 1.09729380698221 1.10436716502444 1.09326157130629 0.962091730417187 0.968781646771558 1.07240335953099 0.920907331837073 0.807903867297689 0.91413359537244 0.900919076484563 0.91093482234296 0.855022848186773 0.804692940338629 1.07406923842126 0.933190083549457 0.987415460404398 1.10144034369975 1.07456500248509 1.11493308412547 1.11091396474018 0.959959609395439 0.984934634814678 1.00920360550435 1.00404558641066 1.08636858975076
"tc0094" 0.983672941384425 1.04310755972768 1.03038398777431 1.02411260023772 0.936297970723687 0 0.961406454691969 1.01563456366288 0.922087371347017 0.970527095914437 0.963147727261144 1.00257017306137 0.920665803765091 0.994197134248741 1.00993338550535 1.04065046889623 1.02510762890021 1.03167306292315 1.00787543903387 1.00428150167727 1.00578983200992 1.01931971086175 1.04532769053333 0.975638611623794 0.897357361581546 1.02757907550331 0.992315578810693 0.983386353265873 0.867772626048859 1.059361176004 0.994516513826034 1.07676698504643 0.9924202349942 1.02908952720131 1.06039765472238 1.06615596485271 1.02198949179294 0.964171051826118 1.01392281923719 1.0071730722501 1.00032160773064 0.988119310945867 0.988595973453332 1.00303173619254 0.993560221737878 1.03419907568951 1.00819614659802 1.071785908134 0.968410938587706 1.06657935336849 1.04790601383595 1.07532215789156 1.00936958871328 1.11123754462192 1.09166125736326 1.02308651277794 1.04198899619089 1.04555630633304 0.887258466585302 1.00490202994889 1.01525228593348 0.983022556217066 1.02492154122677 1.02855872084333 1.01374402974518 1.00537129318839 1.03231216786964 0.983847259104541 1.07156294207649 1.03110768553628 0.949378634269491 1.05499511063082 1.05202056490861 1.07494811205107 1.07368845949323 0.997269778081199 1.03253850210476 1.04081219379071 1.01667708562868 1.07435216825373
"tc0095" 0.987713623870572 1.04628413392651 1.03566961418562 1.0667700163597 0.901441167455013 0.961406454691969 0 0.811351740507219 0.937898576030611 0.82316978505188 0.91699884120736 1.04788581466993 0.944190393387321 1.02610786421927 0.997840511145622 1.07753706053589 0.933825553900157 1.01124756023591 0.95694947514853 0.924276225287247 0.954321184989335 1.00313597507921 1.07768765101617 1.05214450823746 0.994696276460497 1.07617039248622 1.01015887263585 0.98098751912609 1.0555878090868 1.10929264643766 0.986665622234819 1.11451508650745 1.03068752607535 1.08072092949537 1.11572828176506 1.10534204244815 0.995038131163766 1.11442205453557 1.02208156651105 0.959814490730755 1.00674292741937 0.991267747774453 0.970376330403793 0.96153052643038 0.906497853191965 0.910145093526653 0.942216391375207 1.09875105736176 1.02785690542537 1.09280343904683 1.09500896146973 1.07324250712327 1.1154364143702 1.09928238474273 1.10378351844401 1.12089384752415 1.08815810993045 1.13147569503753 0.977196815563381 0.988265655883154 1.11908062758638 0.964542362844079 0.948709282607698 0.97751903176911 0.985563635189831 1.00896879053624 0.984889968209685 0.95436884594063 1.08359398002449 0.916532773079786 1.00055286638751 1.0722708875298 1.04575849320593 1.08908314280908 1.08385564978293 0.957089750030587 0.982430784131232 1.0118929622621 1.00138277214674 1.08184956117037
"tc0100" 0.979906434868939 1.04364651688582 1.07218669281062 1.0846451073964 0.943095038515903 1.01563456366288 0.811351740507219 0 0.939467410669501 0.81956034976337 0.919213436805146 1.02448819564991 0.957377148483926 0.985431210116941 0.964284029139996 1.10712466221825 0.932219801781698 0.989144716409608 0.975762169109105 0.938822131309405 0.911200960731232 1.014103787659 1.08367815143679 1.05386042614317 1.00308606242823 1.10222071413074 1.03043441058032 0.985562585398328 1.04516637070089 1.13786505535827 0.982683866540173 1.12568553857106 1.05250266770915 1.08937683616892 1.1058828394388 1.11256353756651 0.967386078400085 1.08791613409022 0.989628367474623 0.967318564298608 0.973044593820488 0.990275509164889 0.94606705075794 0.937159350834 0.904388932046512 0.905691079929819 0.978734418937821 1.08075051666942 1.00830771815823 1.0594650644944 1.08085421919394 1.08282018321813 1.07197020890019 1.07787450879047 1.08388431949988 1.0916644062355 1.06417275054799 1.0929774605992 0.997083525698905 1.00232883776032 1.12478860472369 0.984025155209467 0.983282458376377 1.02530238192563 1.0057515197451 0.977785919594374 0.970536785766408 0.968657568977219 1.08407565936627 0.917640398095396 1.01366817110571 1.10282713779378 1.0590452524926 1.09414637380421 1.08300960422687 0.957213750056541 0.954108224529155 0.978154214778155 1.00010314311925 1.09345730004281
"tc0101" 0.981668292886354 1.06415211344 1.03140981826896 1.06639478401287 0.949212240110269 0.922087371347017 0.937898576030611 0.939467410669501 0 0.921577905659236 0.884699243868886 1.04116911195006 1.01597597312895 1.00863005925123 0.87284514247992 1.0799111593918 0.990090886427775 0.992693310098888 0.951029559129375 0.990589327497599 0.943363218006852 1.014166402089 1.08853600573662 0.987298128549648 1.03026458063571 1.06885346903422 0.994496435946358 0.923663950771223 1.0570369924195 1.10785258760909 0.865885986040735 1.07870550995788 1.01450915838626 1.04670186335479 1.09391670399307 1.06172161844463 0.931309800332448 1.09482027328113 0.984332579731767 0.986855631868742 0.911726015047465 0.89150616604639 0.938053739593176 0.983032904442067 0.947617035617333 0.974674498238402 0.953636219147156 1.07478030873116 0.980093949855238 1.09910145666748 1.09531184243644 1.07606733823688 1.088186444141 1.0792993533294 1.11172216770675 1.07295391075757 1.08936498760526 1.08377339922146 0.998217065325201 0.947245148742303 1.06933703500896 0.998576831631179 1.00540625349277 0.979792741113415 1.03471828761208 0.998990354011466 0.986299166946259 0.981048929859801 1.08759632197805 0.972490153818048 1.03216042590454 1.0888727764511 1.03433869133648 1.10723538635996 1.08708354957403 0.984818525232254 1.01000674342726 0.991129749366451 1.00869357253697 1.07678740250116
"tc0102" 1.00264401105746 1.06880079391045 1.05970258278609 1.09818419943724 0.88815219983217 0.970527095914437 0.82316978505188 0.81956034976337 0.921577905659236 0 0.94267695374868 1.0618752486096 0.957625727574315 0.982512792187808 0.981958216136803 1.0854512944216 0.885314003239911 1.01298872211359 0.960005720790895 0.937321406416978 0.96020373654059 0.988558015015802 1.07375931808587 1.04808669326608 0.998349023465902 1.09342236798979 1.04315895100958 1.00607453801008 1.04003854295345 1.13790424461155 1.02649508575303 1.12959417089997 1.07464580234944 1.11148410796221 1.10831667118243 1.12613833019785 0.981080856422247 1.11621330586285 1.00046591691779 0.980765786006908 1.01510509922976 1.04343107282406 0.982934410738922 0.944269726755003 0.903971021084504 0.890468590149517 0.951801572047914 1.0932937503814 0.996690855556618 1.09867202636955 1.10428717689964 1.07221968308159 1.08702288514666 1.08810807709448 1.09186660450653 1.09641866730913 1.09528944445064 1.10136403379712 0.994492651581202 1.0056332259273 1.11223727025865 0.908700696557394 0.995705925869952 0.995289304649201 0.983540694267482 0.990201280241317 0.944310400545508 0.953492728305849 1.09579330396899 0.951111930429178 0.969285557556729 1.08065170954272 1.04782262899221 1.1017514019159 1.0912331430615 0.970161298242915 0.933975801002678 0.963075250720559 0.92666969735458 1.08507506009032
"tc0104" 0.970272494423776 1.03758819098263 1.03459946247498 1.05067800316617 0.968930397727932 0.963147727261144 0.91699884120736 0.919213436805146 0.884699243868886 0.94267695374868 0 1.00420058704633 1.02900768635011 1.01384463406474 0.884664586467648 1.05688876420427 1.0039491866516 0.996234796160745 0.990704584629636 0.984504277955257 0.872244840664868 1.00521017829244 1.04097895847157 0.979867763304199 1.04185076328184 1.02464970714675 0.986985805769055 0.941470857992094 1.07169294190582 1.07106764002329 0.940163384896915 1.089491858945 1.02652177922829 1.02477445705121 1.09130483263515 1.02927797958118 0.941918816774705 1.07658176930833 0.984410008192905 0.980215562776443 0.93755539222689 0.912021108674941 0.949076366674064 0.987936650934474 0.971916744599677 1.00115182864873 0.954643625458847 1.10881928802437 1.0061449922652 1.08704128112974 1.07027333280119 1.07251251745226 1.09185283197159 1.07370815424115 1.08438534563056 1.07750264832279 1.09522985755529 1.06106113361331 0.992267560275777 0.962060749370021 1.04891784923432 1.0224897512289 0.981632471002745 1.0007122687747 0.988338801282186 1.0017083490121 0.997386177607155 0.980010628026111 1.0749680338974 0.966465886036585 1.03869269137621 1.06686943371501 1.06182234479984 1.06485164753705 1.068876832732 0.975519911500883 1.01893189671777 1.03444014483958 1.05311947647591 1.06806860114655
"tc0163" 0.9786736419342 1.01805680652269 1.03596892345915 1.0538357199015 1.05834086595664 1.00257017306137 1.04788581466993 1.02448819564991 1.04116911195006 1.0618752486096 1.00420058704633 0 0.945376314437859 0.851831824141833 0.974686396794479 0.991988561581342 0.992430298535648 0.914712285799242 0.968817424697739 0.998020826456694 0.957408977347689 0.871626160724928 0.989024886671729 0.797381653281371 0.944634693188674 1.00215660069469 0.957773028651715 0.953532887851437 0.992170714037554 1.04954642895492 0.953458942519394 1.02195940648508 1.01646580881072 1.03628723563825 1.05016061588493 1.0052583644971 1.01601789828202 0.982561941085517 0.920961239050713 0.98460712830477 0.965072278160633 0.948573416558574 1.00975965985621 1.00784363687957 1.06751027151581 1.07975750484593 0.988967285943841 1.02970431639437 0.971643445627983 1.0361500817128 1.01641283234701 1.06271388009132 0.960754549817297 1.05843871319475 1.05639261392251 0.986484317978906 1.04329306338613 0.99840904406786 0.996263876948137 0.943058599072567 1.02206324251124 1.01351039222828 1.02494438750878 1.03526343160284 1.01896487207974 1.02826243897197 1.05249651992411 1.08416457518828 1.06280285693031 1.02400551595147 1.06771310266511 1.06005437674933 1.06535644491575 1.05805286132024 1.06119637445663 1.02031418346296 1.03493486263368 1.08601085645669 1.07326776102671 1.09270237564718
"tc0164" 1.01824741283284 1.03667201207091 1.04236052280004 1.06789109174169 0.960031701886586 0.920665803765091 0.944190393387321 0.957377148483926 1.01597597312895 0.957625727574315 1.02900768635011 0.945376314437859 0 0.940201591472093 0.955016811005369 1.0152552402556 0.92326006726978 0.997176906218289 0.921125949680816 0.950303568949791 0.938366603349713 0.971833598898703 1.0459765890693 0.98984278034549 0.82369165493473 1.05847575237949 1.02272005552696 1.00668133796062 0.904610009706108 1.11079568448972 1.0198118075739 1.10623113104751 1.07094142985727 1.1015111953237 1.10272729666007 1.12068661948577 1.04201562426804 1.02546175094018 1.03370193707786 0.978339770066352 1.01116777716015 1.03126610395589 0.989997080416324 0.993245249803421 0.988890529675312 0.973872479517733 0.998755335941328 1.05393693586866 0.991898304341497 1.07417078489664 1.08497595753499 1.07175095030715 1.04615733259509 1.08116449883292 1.07303400788443 1.06111958849112 1.04399288968829 1.08460247271236 0.931702560947467 1.00428086781653 1.10881385922377 0.97679806431005 0.988695154502951 1.00536844870192 1.00445611972554 0.999165832940251 0.979040569302229 0.947733959692486 1.06952063090602 0.995901600542577 0.944677098020051 1.05779258780023 1.05152339143806 1.10031311857728 1.08611352661327 0.974582051436262 0.998309687221412 1.01692070455997 0.993799252389341 1.06466036402878
"tc0165" 0.964371030820592 1.03577976435186 1.05767539406291 1.06568487429835 0.984379085038738 0.994197134248741 1.02610786421927 0.985431210116941 1.00863005925123 0.982512792187808 1.01384463406474 0.851831824141833 0.940201591472093 0 0.950277346015878 1.062891158913 0.924601094500701 0.900026672766611 0.924294911952405 0.976336373827326 0.898859488783069 0.86492916351982 1.06666496753383 0.855751541337643 0.894185415499071 1.05177952595609 1.01217990482164 1.00983803056599 1.00778741401046 1.07101722848276 0.971306329383474 1.09384731567587 1.08530838431713 1.0906195508002 1.07703015571085 1.05396128606862 1.02762567260358 1.03729775083959 0.889586847737907 0.950117006134763 0.925716464572282 0.962109547126093 0.974393836481278 0.991819957577411 1.02413143417617 0.995804795771743 1.01497541578509 1.05035754451333 0.993877626134611 1.07620025687633 1.07580015197855 1.08509283964652 1.0177029869134 1.07440259198808 1.06819367322228 1.01088575724653 1.05531538379748 1.03024695343373 1.01401337708972 0.992976335843975 1.07530873587098 0.942558498300155 1.00311709905872 1.0350768873042 1.03401129740779 1.00689357011329 0.997602441987377 1.05287344222747 1.07687047774033 0.939787380599079 1.03154952107884 1.07387488983846 1.07189439487642 1.08003799058147 1.08711904890104 0.99685131505994 1.03565458007786 1.04916381552195 1.04302188697641 1.09636808738568
"tc0173" 0.995843868966008 1.04917669027925 1.01898380400408 1.05451228933437 1.01024372877363 1.00993338550535 0.997840511145622 0.964284029139996 0.87284514247992 0.981958216136803 0.884664586467648 0.974686396794479 0.955016811005369 0.950277346015878 0 0.99610905248994 0.959180427996497 0.938641163790253 0.920499578484031 0.946268954906501 0.926162485151053 0.992223014203981 1.02106595560687 0.978144440865076 0.975684102816512 1.05188560626634 1.03429073557972 0.939936198676592 1.07930051283295 1.0755428408147 0.883726379908682 1.06219952285083 1.022571045324 1.03028159835313 1.09611635339495 1.04348390482538 0.972269967988235 1.06882919154534 0.997058041950739 1.02831847948672 0.929016790736687 0.907469974201267 0.951704442903764 0.985889734263501 0.99593480374247 0.982495539142746 1.01206137777249 1.07367935639059 1.01048270269314 1.08951640903074 1.05478085272931 1.05399646003444 1.07862719180302 1.05885497264926 1.0849800335989 1.07728533718035 1.07520345646556 1.07005181775001 1.06468595843084 0.990641653354021 1.04490458004331 1.00961046262273 1.00469107419224 0.985888493568768 1.02861156274423 0.973810279212453 0.992862564289287 1.0059973269796 1.07655989918965 0.980733861902035 1.04267609633103 1.07534850373188 1.04730355617142 1.08021050426216 1.07914111982044 1.01544661476382 1.01379949334904 0.993569242809248 1.00435491311665 1.05825574404406
"tc0179" 1.05353855175822 0.96606738100603 0.9776991893904 0.950890440973938 1.11777582901811 1.04065046889623 1.07753706053589 1.10712466221825 1.0799111593918 1.0854512944216 1.05688876420427 0.991988561581342 1.0152552402556 1.062891158913 0.99610905248994 0 1.02524725781259 1.01591832000471 1.03462399353638 1.03784258503563 1.06619580715364 1.02983215781433 0.793586063715707 1.02575161954238 1.0396424972515 0.885652080291965 1.05911171342383 1.08477469814782 1.05544958458241 0.885125657461996 1.09054817381061 0.872399955480838 0.927569544418464 0.869918994014323 0.963578804395012 0.868698867012578 1.03872828959343 0.960111618951187 1.10690763477887 1.09193948141719 1.11652976493906 1.08919790425184 1.08753548944261 1.08917210818884 1.0961327150903 1.07140896554518 1.05298134426911 0.954945633850818 1.04855972788638 0.977429274324682 0.934242575837772 0.888979784799267 0.988662226645304 0.932143872087316 0.956974011465227 0.969819697561696 0.946870442027277 0.97025088116494 1.07336505876281 1.06662780799644 0.904026425936951 1.10271929562238 1.08914612707077 1.05565849418845 1.05254542721793 1.07654418590453 1.09163707564302 1.07039850718845 0.926829874128022 1.08079161618379 0.99569243602255 0.934374458725901 0.947294137733205 0.924142656101603 0.927347451572268 1.0704169381093 1.03861613487207 0.997786285067351 1.00714556048841 0.90748995482334
"tc0180" 1.00856227230833 1.04756376526932 1.05703319843854 1.09226091710928 0.951871567070107 1.02510762890021 0.933825553900157 0.932219801781698 0.990090886427775 0.885314003239911 1.0039491866516 0.992430298535648 0.92326006726978 0.924601094500701 0.959180427996497 1.02524725781259 0 0.901618537228868 0.951354650343845 0.926143918645687 0.910766516017979 0.898262561922953 1.02476728695198 0.988053198826303 0.913235864472396 1.06928440224288 1.02797538989781 0.954539914748929 1.04018869553777 1.1071135687415 0.996895292911122 1.1194145175531 1.07650357026607 1.08138251201599 1.08845503320667 1.10424745672722 1.01274994102145 1.10345803080034 0.970466973253317 1.00368587917701 0.986174743518523 1.013503232084 0.948980875967121 0.946407182607532 0.961041950939403 0.924974290599399 0.970892961188456 1.06157105987059 0.994558466719823 1.08416191213494 1.07384127206533 1.06969090341997 1.0625077564772 1.0766936139581 1.08797291683614 1.06794978023639 1.07966274143357 1.10292523422218 1.04812995255857 1.01749592982995 1.09153238289579 0.917595567853092 0.994345107628188 0.984780409267369 1.00825023140083 0.980206163038082 0.971700580711933 0.983761261943803 1.08060272395226 0.972536350648738 1.00718159200865 1.06698136261535 1.06412853852595 1.09514159065464 1.10550184838813 0.97748647693949 0.975605850569039 0.99672463600195 0.98251088440788 1.0784728187415
"tc0181" 1.0185790012067 1.05046404194171 1.04273441134231 1.06889361471883 1.01939224607573 1.03167306292315 1.01124756023591 0.989144716409608 0.992693310098888 1.01298872211359 0.996234796160745 0.914712285799242 0.997176906218289 0.900026672766611 0.938641163790253 1.01591832000471 0.901618537228868 0 0.936308540730925 0.989137694685184 0.911736347294126 0.892897556113445 0.999253024098249 0.908564124370807 0.937835421887918 1.01399212607603 1.0547221667916 0.957338102360441 1.04244650162184 1.05324842657289 0.951777440221981 1.06645188935476 1.04315455661747 1.04785771266675 1.06752353351486 1.05902191841869 1.04104396286229 1.06433337349462 0.87290798229667 1.04780295400246 0.928012646729341 1.00485895551314 0.981224411241583 0.965557162143005 1.01681971570302 0.988527436761672 1.01663465245454 1.03985224221338 0.996341697912766 1.036370062675 1.03102486226577 1.04534999068276 1.02587692087546 1.04908564919444 1.04434010459889 1.02388395987315 1.046439454276 1.02056019480549 1.06709698591137 1.02779847973967 1.04867872668769 0.958867965774468 1.01694238189666 1.02720426535251 1.00611410080649 0.988920051693354 0.985876276044137 1.0516414810534 1.0448442296808 0.977753858304852 1.06632270181445 1.04920914881615 1.05471805385276 1.06112212344774 1.07001442662662 1.01831143381661 1.02099437214743 1.02557482003233 1.02161361089301 1.04925576889156
"tc0182" 0.990561455207019 1.05274706442209 1.00953005030818 1.05418608956568 0.969052076183298 1.00787543903387 0.95694947514853 0.975762169109105 0.951029559129375 0.960005720790895 0.990704584629636 0.968817424697739 0.921125949680816 0.924294911952405 0.920499578484031 1.03462399353638 0.951354650343845 0.936308540730925 0 0.96101327207487 0.918294014775819 0.907800926304213 1.04364329129233 0.936345192145576 0.942342866651719 1.05107275420325 0.984057402383432 0.968647871798284 1.03592580631519 1.06928474484172 0.966965090629673 1.06145752315086 1.05441282758669 1.06912312182843 1.06917613621525 1.06112230022456 0.963536206500415 1.06869375238658 0.995837072012858 0.966168906626596 0.954091857462758 0.968122785374642 0.975924530736533 1.01957562073634 0.992524277098114 1.01698101381345 1.03476480728245 1.06712711751916 1.00542268586743 1.05930471075975 1.07792845529833 1.06918768408416 1.07211495811149 1.07776122070666 1.07870901608031 1.07295165120321 1.07680497511751 1.0825001309567 1.03985144101169 0.952751054412483 1.06954148099648 1.02202258726846 1.01683762701729 0.990247004295478 1.01180690929229 0.989150423168461 0.986261175737901 0.94397878572967 1.06267006578487 0.936590669887924 1.02638094740161 1.06138401409816 1.05843549571019 1.09658711073949 1.08247710375377 0.99871796286206 0.985818409889705 1.01502121747724 1.02560932319738 1.07194078678178
"tc0186" 0.967814170640118 1.04064329672691 1.03649219339375 1.0705025024184 0.991726786433164 1.00428150167727 0.924276225287247 0.938822131309405 0.990589327497599 0.937321406416978 0.984504277955257 0.998020826456694 0.950303568949791 0.976336373827326 0.946268954906501 1.03784258503563 0.926143918645687 0.989137694685184 0.96101327207487 0 0.930466736635672 0.989073131026411 1.0296249618052 0.981502132850934 0.969594391290759 1.03551749344365 0.980847335775794 0.993273294306431 1.03148412809452 1.08739718428276 1.0098392419504 1.10677795966939 1.04970257413347 1.03508417212224 1.07734525583239 1.0779623464209 0.979076631162546 1.0783351723623 1.02470947513509 0.992231936645556 0.981556231073788 1.00309046988527 0.996901609736109 0.967046623706842 0.950975996890599 0.975259345410452 0.963388002480436 1.0668730823868 1.00206123780191 1.06229849345788 1.03287494955656 1.06079410864844 1.05762713115167 1.0853930288197 1.08266036565659 1.04671399754852 1.07108065719978 1.04594778501641 1.00762909812469 0.98807084031383 1.06153876636154 0.998828271508482 1.00052213427384 1.01893707763733 0.994654083594684 1.00114269644363 0.98976846656261 0.985786674626047 1.07953559554094 0.965562646969275 1.0012935218902 1.06091593080031 1.06623771265161 1.04971222516054 1.05424463231447 0.96986199895361 0.967680255167665 1.00706869836625 1.00205518944259 1.06594553270031
"tc0188" 0.978211756159915 1.05979765166411 1.0469110088489 1.05085553553318 0.956670072569553 1.00578983200992 0.954321184989335 0.911200960731232 0.943363218006852 0.96020373654059 0.872244840664868 0.957408977347689 0.938366603349713 0.898859488783069 0.926162485151053 1.06619580715364 0.910766516017979 0.911736347294126 0.918294014775819 0.930466736635672 0 0.902140437129899 1.03071909463143 0.909277654248814 0.940397629490635 1.05045530964091 0.999362288112423 0.935672269434202 1.04859608341067 1.10272245651952 0.960867986781515 1.13271893723269 1.05276985860146 1.06759210193766 1.12594091284596 1.0846739950301 0.971819976814398 1.08450278345467 0.965404357706729 0.977081193624713 0.931166636810718 0.965509059256848 0.962474293810068 0.958078439500543 0.983797620345206 0.988696224487913 0.989289801595748 1.09481741880287 0.986845059754955 1.10849464628695 1.08254287182552 1.11273164917584 1.09143588399014 1.08714648191362 1.08359703555869 1.09575570831458 1.07616428290229 1.1061589313218 0.992186280071782 0.980420321797828 1.09523242256459 0.974779286498578 0.998799100971213 1.01042742034912 1.00722858506411 0.985800523746918 0.983387851082103 0.986222436271544 1.09441436226109 0.948913884379437 1.02571470627358 1.07817746457571 1.08235927537543 1.08986787577865 1.07761117837848 0.995098360762513 1.01422937913545 1.04146431318186 1.04247193457531 1.08622848873863
"tc0190" 0.958119346318527 1.06346524939101 1.07235151713711 1.07570244984397 0.98147269028064 1.01931971086175 1.00313597507921 1.014103787659 1.014166402089 0.988558015015802 1.00521017829244 0.871626160724928 0.971833598898703 0.86492916351982 0.992223014203981 1.02983215781433 0.898262561922953 0.892897556113445 0.907800926304213 0.989073131026411 0.902140437129899 0 0.998915621436432 0.870148772220757 0.921587726017306 1.03540022925779 0.952107923311302 0.966153621602857 1.00789169559053 1.0713968357063 0.978707017660088 1.06185223603388 1.03273771483112 1.03208692093263 1.07024201176798 1.03689203298239 1.01444354682444 1.03259783150473 0.890103416903942 0.956254952704024 0.938602084226055 0.958920856352278 0.985335251329336 1.00539089063725 1.0584631718238 1.01976617161129 1.05126441438948 1.07483277995572 0.990526462389554 1.05867072269457 1.06595136435917 1.05687712505849 1.04346818607205 1.06786797830951 1.08273631393454 1.02857855168575 1.07032281377521 1.04729017667596 1.0464026398727 0.970656429124404 1.0140927250208 0.953547006304526 1.00268177535784 0.985098542120639 0.995958833269775 1.00721350876511 0.996800532356161 1.03606888721639 1.06668442656048 0.999170715397381 1.07038259294107 1.06586317473012 1.05416262326139 1.07247278221431 1.07697608255292 0.998911126646471 1.03097841477595 1.05880292421932 1.06007724313802 1.09793774293484
"tc0191" 1.07088497545148 0.9611113551829 0.974557214379743 0.960382170913739 1.14946453706343 1.04532769053333 1.07768765101617 1.08367815143679 1.08853600573662 1.07375931808587 1.04097895847157 0.989024886671729 1.0459765890693 1.06666496753383 1.02106595560687 0.793586063715707 1.02476728695198 0.999253024098249 1.04364329129233 1.0296249618052 1.03071909463143 0.998915621436432 0 1.00816871722889 1.03099727050342 0.856872817693781 1.04293270592862 1.07572313614993 1.04325704624034 0.911888826177743 1.08225297166283 0.896692533194364 0.922497800749834 0.883306655037048 0.97393774306865 0.868699425153812 1.01281749455058 0.924895698245403 1.08553124494199 1.09914476903267 1.11819885977879 1.08734484934349 1.08014404064557 1.07449105415899 1.09814517302615 1.06867824889815 1.06577965754848 0.954061252032425 1.01679146535355 0.95361333747457 0.954194915904978 0.903301932404065 0.98686032659443 0.951294936302714 0.95672774999531 0.95370603497999 0.950255885593798 0.978259053154973 1.07552501373375 1.03874573913818 0.917447673193203 1.10116871812459 1.09279437407529 1.06218349859244 1.04974177321109 1.07827828810925 1.09053702291022 1.09732981425505 0.923895342269937 1.10246485001564 1.01439126786539 0.943507882386891 0.947628570135828 0.894751579137649 0.890207896352925 1.06974598899514 1.03558122870509 1.03248601450014 1.01872958370661 0.910531862477289
"tc0193" 0.925908105492821 1.04335213422541 1.05140251737791 1.07083259227277 1.02989567529267 0.975638611623794 1.05214450823746 1.05386042614317 0.987298128549648 1.04808669326608 0.979867763304199 0.797381653281371 0.98984278034549 0.855751541337643 0.978144440865076 1.02575161954238 0.988053198826303 0.908564124370807 0.936345192145576 0.981502132850934 0.909277654248814 0.870148772220757 1.00816871722889 0 0.949816625339024 1.01955717311717 0.906571028165851 0.960708769864039 0.981665108985504 1.03726309290845 0.953455868076361 1.04040519315704 1.04911783552116 1.04317114961918 1.07747865037584 1.01267173489569 0.99046564698973 0.985815915055245 0.919173739452557 0.946172766103537 0.921717684245735 0.922363165480827 0.947966051540183 1.03001391942526 1.05229104108026 1.06909532588592 1.0187690151136 1.06720776160748 0.998334890477726 1.08459686395119 1.04547267510476 1.09786607431367 1.01631403497465 1.07874941385863 1.0752149909427 0.998299189555194 1.06640446479353 1.04519557684068 1.00673973945508 0.922649712098701 1.03433892091921 0.972934426908066 0.99438377367367 0.990596083525494 0.98937863300169 1.00091994186955 1.00705453395458 1.0303317233969 1.09143844883855 1.01777057123057 1.09757893582727 1.06916893553952 1.05885425357321 1.05582334709251 1.07679426340868 1.01967992817027 1.05569915521817 1.07100433943884 1.08643345947011 1.10882128273609
"tc0196" 1.00797091011794 1.05013362962183 1.05004336289206 1.08083138035255 0.959123749505163 0.897357361581546 0.994696276460497 1.00308606242823 1.03026458063571 0.998349023465902 1.04185076328184 0.944634693188674 0.82369165493473 0.894185415499071 0.975684102816512 1.0396424972515 0.913235864472396 0.937835421887918 0.942342866651719 0.969594391290759 0.940397629490635 0.921587726017306 1.03099727050342 0.949816625339024 0 1.05094251904514 1.02139812208277 1.00174431354088 0.865290654952288 1.0921169074157 1.01288618724467 1.09697529067381 1.07880137609208 1.08204251249134 1.06033952371182 1.08968208081556 1.0613287621193 1.00488844345475 1.00517597252903 1.0087361302375 0.993793757816882 1.00627959608457 0.99141206543493 1.00274129422504 1.00174727923203 0.987315476214145 0.998468984171636 1.05248998801897 0.995266442724407 1.06660260347741 1.06538473160474 1.06472249465731 1.03140796822571 1.07306280444031 1.07866023175669 1.05030120687316 1.04610240494276 1.05376745782652 0.94448687583956 1.00963388604345 1.08054933786528 0.930890352822807 1.01267846439092 1.01078123945571 1.02315974349361 1.01125023013424 0.968547188454223 0.959313517018062 1.08088363780471 0.995609442977675 0.972679247570222 1.08015923293745 1.05219930552226 1.10357491555756 1.09135320738555 1.01794399152734 0.984357505995979 1.01395083599063 0.988174176733956 1.07906028207238
"tc0199" 1.02304883317298 0.944661055439285 0.966241038143486 0.953881178573588 1.12985868769413 1.02757907550331 1.07617039248622 1.10222071413074 1.06885346903422 1.09342236798979 1.02464970714675 1.00215660069469 1.05847575237949 1.05177952595609 1.05188560626634 0.885652080291965 1.06928440224288 1.01399212607603 1.05107275420325 1.03551749344365 1.05045530964091 1.03540022925779 0.856872817693781 1.01955717311717 1.05094251904514 0 0.991312803287817 1.01643488048322 1.00234589701579 0.875158156768887 1.02591031192864 0.911626880670777 0.824772224003409 0.830073794700135 0.934954042183586 0.815293381937097 0.960563286755485 0.9049573613567 1.02585073454339 1.0406701218869 1.04331266576059 1.04516492585087 1.04504636790986 1.09022815893299 1.1005534407313 1.10211449829405 1.05698603879121 0.991261349357939 1.01035155413571 0.991209166961709 0.95375507742446 0.94350601878044 0.984847990801778 0.997037026130864 0.985360535808739 0.954631160086367 0.972782085471711 0.969117001749693 1.05663304194327 1.04477169921161 0.892642418103209 1.07644733802306 1.08009992901647 1.05105997915817 1.05515627395612 1.06449451875712 1.07776982067927 1.09152955148942 0.976544183156074 1.1072667617899 1.06428001781993 0.989478327508972 0.987280932893999 0.954149957244845 0.949838942771587 1.0599222576175 1.07439500120424 1.03955702832223 1.06517295755323 0.958334682990844
"tc0200" 0.90024760680004 1.05095080796312 1.02740034690789 1.03727354923767 0.978845819858012 0.992315578810693 1.01015887263585 1.03043441058032 0.994496435946358 1.04315895100958 0.986985805769055 0.957773028651715 1.02272005552696 1.01217990482164 1.03429073557972 1.05911171342383 1.02797538989781 1.0547221667916 0.984057402383432 0.980847335775794 0.999362288112423 0.952107923311302 1.04293270592862 0.906571028165851 1.02139812208277 0.991312803287817 0 0.876007075521273 0.889715913358634 1.01434230430095 0.92018594557976 1.03487353614162 0.977382059044273 1.00753735039235 1.04105649734134 0.988394467455754 0.925003956413128 0.983315535566157 0.907046444975496 0.803679866521164 0.85925740588726 0.857892036954218 0.908676195594044 1.05512663633272 1.05676217539676 1.04753223561487 1.02725608408462 1.09014790826279 0.951484031880049 1.09928140584283 1.05566828815961 1.07573436543348 1.08060535769979 1.08073142511232 1.11011636800339 1.05383197714048 1.1022634568597 1.08232840183868 0.966543865016037 0.879846367730753 1.0067043767631 1.0069513488945 0.963191651977408 0.970943027503305 0.934916124445965 0.995663356461859 1.00453241961867 0.961468546109435 1.10956710122836 1.01907405264552 1.08666165435814 1.09901597191911 1.09899623754913 1.10372442032155 1.08606912834827 0.991576652434749 1.08087134666227 1.09525338774975 1.10330245876529 1.10488262128255
"tc0201" 0.959895796194196 1.0560954391515 1.0166806225985 1.06473235673477 1.00695416852744 0.983386353265873 0.98098751912609 0.985562585398328 0.923663950771223 1.00607453801008 0.941470857992094 0.953532887851437 1.00668133796062 1.00983803056599 0.939936198676592 1.08477469814782 0.954539914748929 0.957338102360441 0.968647871798284 0.993273294306431 0.935672269434202 0.966153621602857 1.07572313614993 0.960708769864039 1.00174431354088 1.01643488048322 0.876007075521273 0 0.961224771956335 1.06564583083821 0.710878268996522 1.08964643706838 0.979993450472229 1.03318267124313 1.08445154078933 0.990983532418993 0.836519035692779 1.0177848478008 0.89109621089953 0.918149767567643 0.782722286338051 0.796613802622163 0.766758906015992 0.980128160370176 0.989818836094496 1.00462984754928 0.989473413065898 1.11359222636495 0.928846472131348 1.13021862329873 1.07483343431514 1.10043064844489 1.06884533808259 1.13271745479618 1.13431532427963 1.05983253087864 1.13677560067403 1.08027720767166 1.03987964853329 0.921165706592238 1.06462405719219 0.998458654716803 1.04239332729218 1.02310362877632 1.036621125341 1.01666886528534 1.02040357155532 1.03688512608945 1.11249804360007 1.02263040302945 1.09207997839106 1.11295836842371 1.09054099943556 1.15271950415781 1.14522991425175 0.969205929396152 1.05764128547138 1.05438186568557 1.03605195248641 1.14572214551868
